10007
10009
10037
10039
10061
10067
10069
10079
10091
10093
10099
10103
10111
10133
10139
10141
10151
10159
10163
10169
10177
10181
10193
10211
10223
10271
10301
10303
10313
10321
10331
10333
10337
10343
10391
10399
10433
10477
10499
10501
10513
10531
10559
10601
10607
10613
10631
10651
10663
10667
10691
10709
10711
10733
10771
10781
10799
10831
10861
10883
10889
10891
10903
10909
10939
10949
10979
10993
11003
11027
11047
11057
11059
11069
11071
11083
11087
11093
11113
11117
11119
11131
11149
11159
11161
11171
11173
11177
11197
11213
11239
11243
11251
11257
11261
11273
11279
11287
11299
11311
11317
11321
11329
11351
11353
11369
11383
11393
11399
11411
11423
11437
11443
11447
11467
11471
11483
11489
11491
11497
11503
11519
11527
11549
11551
11579
11587
11593
11597
11617
11621
11633
11657
11677
11681
11689
11699
11701
11717
11719
11731
11743
11777
11779
11783
11789
11801
11807
11813
11821
11827
11831
11833
11839
11863
11867
11887
11897
11903
11909
11923
11927
11933
11939
11941
11953
11959
11969
11971
11981
11987
12007
12011
12041
12071
12101
12107
12109
12113
12119
12143
12149
12157
12161
12163
12197
12203
12211
12227
12239
12241
12251
12253
12263
12269
12277
12281
12289
12301
12323
12329
12343
12373
12377
12391
12401
12413
12421
12433
12451
12491
12511
12517
12527
12541
12553
12577
12601
12611
12613
12619
12641
12671
12713
12721
12757
12781
12791
12799
12821
12823
12829
12841
12889
12899
12911
12917
12919
12923
12941
12959
12979
13001
13003
13007
13009
13033
13037
13043
13063
13093
13099
13103
13109
13121
13127
13147
13151
13159
13163
13171
13177
13183
13187
13217
13219
13229
13241
13291
13309
13313
13327
13331
13337
13339
13367
13381
13397
13399
13411
13417
13421
13441
13451
13463
13477
13499
13513
13523
13537
13553
13577
13591
13613
13619
13633
13669
13681
13691
13693
13711
13721
13723
13751
13757
13763
13781
13799
13831
13841
13873
13877
13883
13901
13903
13913
13921
13931
13933
13963
13997
13999
14009
14011
14033
14051
14071
14081
14107
14143
14149
14153
14159
14173
14177
14197
14221
14243
14249
14251
14281
14303
14321
14323
14341
14347
14401
14407
14411
14419
14423
14431
14437
14447
14449
14461
14479
14489
14519
14533
14543
14549
14551
14557
14561
14591
14621
14633
14669
14699
14713
14717
14731
14737
14741
14747
14767
14771
14779
14797
14813
14821
14831
14843
14851
14887
14891
14929
14939
14947
14951
14969
15013
15017
15031
15053
15061
15077
15091
15101
15107
15121
15131
15137
15139
15149
15161
15173
15187
15193
15199
15217
15227
15233
15241
15259
15271
15277
15299
15313
15319
15331
15359
15361
15373
15377
15383
15391
15401
15413
15443
15451
15461
15511
15527
15541
15551
15559
15569
15581
15583
15601
15619
15641
15661
15667
15671
15727
15731
15733
15737
15761
15767
15773
15787
15791
15797
15817
15859
15877
15881
15887
15889
15901
15913
15919
15959
15971
15991
16001
16007
16033
16061
16063
16067
16069
16091
16103
16111
16127
16139
16141
16183
16187
16189
16193
16217
16223
16229
16231
16267
16301
16319
16333
16339
16361
16363
16369
16381
16411
16417
16421
16433
16447
16451
16477
16481
16519
16553
16561
16567
16603
16607
16619
16631
16633
16649
16651
16657
16661
16673
16691
16693
16699
16741
16747
16763
16787
16811
16831
16871
16883
16889
16901
16921
16931
16963
16979
16981
16993
17011
17021
17027
17033
17041
17047
17077
17099
17107
17117
17123
17137
17159
17167
17183
17189
17191
17207
17231
17257
17291
17299
17317
17321
17327
17333
17341
17351
17377
17383
17387
17393
17401
17417
17419
17431
17443
17449
17467
17471
17477
17491
17497
17519
17551
17573
17579
17581
17597
17599
17627
17657
17669
17681
17707
17713
17729
17737
17747
17749
17761
17783
17789
17791
17807
17827
17837
17851
17881
17891
17909
17911
17921
17929
17939
17957
17959
17971
17977
17981
17987
17989
18013
18041
18061
18077
18089
18119
18121
18127
18131
18133
18143
18149
18169
18181
18191
18199
18211
18217
18223
18229
18233
18251
18287
18289
18301
18311
18313
18341
18353
18371
18401
18413
18433
18443
18451
18461
18481
18517
18521
18541
18553
18583
18587
18617
18661
18671
18691
18701
18713
18719
18731
18757
18773
18787
18797
18803
18839
18859
18869
18899
18911
18913
18917
18919
18959
18979
19001
19009
19013
19031
19051
19069
19079
19081
19121
19139
19141
19157
19163
19181
19183
19211
19213
19219
19231
19249
19259
19289
19301
19309
19319
19333
19373
19379
19381
19391
19417
19421
19429
19433
19441
19447
19469
19471
19477
19489
19501
19531
19541
19553
19559
19571
19577
19597
19609
19661
19681
19697
19699
19709
19717
19727
19739
19751
19759
19777
19793
19801
19813
19819
19841
19861
19889
19891
19913
19919
19927
19937
19949
19961
19963
19973
19979
19991
19993
19997
20011
20021
20023
20029
20047
20051
20063
20071
20089
20101
20107
20113
20117
20123
20129
20161
20177
20201
20219
20231
20233
20249
20261
20269
20287
20297
20323
20327
20333
20353
20393
20399
20407
20411
20441
20443
20477
20507
20509
20521
20533
20551
20599
20611
20627
20663
20707
20717
20747
20771
20773
20807
20809
20887
20899
20903
20921
20929
20939
20959
21001
21011
21013
21017
21019
21023
21031
21061
21101
21107
21121
21139
21143
21149
21157
21163
21169
21179
21187
21191
21193
21211
21221
21227
21247
21269
21277
21283
21313
21317
21319
21323
21341
21377
21383
21391
21401
21419
21433
21481
21491
21499
21517
21521
21523
21529
21557
21559
21577
21599
21601
21611
21613
21617
21661
21701
21713
21727
21737
21751
21757
21767
21773
21787
21799
21817
21821
21841
21851
21871
21881
21911
21929
21961
21977
21991
21997
22003
22013
22027
22031
22037
22039
22051
22063
22067
22073
22079
22091
22093
22109
22111
22123
22129
22133
22147
22153
22157
22159
22171
22189
22193
22229
22247
22259
22271
22273
22277
22279
22283
22291
22303
22307
22343
22349
22367
22369
22381
22391
22397
22409
22433
22441
22447
22453
22469
22481
22483
22501
22511
22531
22541
22543
22549
22567
22571
22573
22613
22619
22621
22637
22639
22643
22651
22669
22679
22691
22697
22699
22709
22717
22721
22727
22739
22741
22751
22769
22777
22783
22787
22807
22811
22817
22853
22859
22861
22871
22877
22901
22907
22921
22937
22943
22961
22963
22973
22993
23003
23011
23021
23027
23029
23039
23053
23063
23099
23117
23131
23143
23173
23201
23203
23209
23227
23251
23269
23279
23291
23293
23297
23311
23321
23327
23333
23339
23357
23369
23371
23399
23431
23447
23473
23531
23537
23539
23557
23563
23593
23599
23603
23623
23627
23629
23633
23663
23669
23677
23743
23747
23753
23767
23773
23813
23827
23831
23833
23873
23887
23893
23899
23909
23911
23929
23977
23993
24001
24007
24023
24029
24043
24049
24077
24113
24121
24133
24151
24181
24203
24223
24229
24239
24247
24251
24281
24329
24337
24373
24407
24413
24419
24421
24439
24443
24469
24473
24481
24499
24527
24533
24547
24551
24611
24623
24677
24733
24749
24767
24799
24821
24841
24847
24877
24889
24919
24923
24943
24977
24979
24989
25033
25057
25111
25117
25121
25127
25153
25171
25219
25229
25237
25243
25247
25253
25261
25303
25321
25339
25343
25357
25373
25411
25423
25447
25453
25457
25523
25537
25541
25561
25577
25579
25583
25589
25621
25633
25657
25667
25717
25733
25747
25759
25771
25799
25889
25919
25933
25939
25951
25969
25997
25999
26003
26021
26029
26099
26111
26113
26119
26141
26161
26171
26177
26203
26209
26227
26237
26249
26251
26261
26263
26267
26293
26297
26321
26339
26393
26399
26423
26449
26557
26561
26627
26633
26641
26647
26669
26681
26683
26687
26693
26699
26711
26717
26723
26729
26737
26777
26821
26833
26861
26863
26881
26921
26927
26959
26993
27011
27017
27067
27073
27077
27107
27127
27179
27191
27197
27211
27239
27241
27253
27259
27271
27277
27281
27283
27299
27329
27337
27367
27397
27407
27427
27437
27449
27457
27479
27487
27527
27529
27551
27611
27617
27647
27673
27697
27701
27733
27737
27739
27743
27749
27751
27763
27767
27773
27779
27791
27793
27799
27817
27823
27827
27847
27883
27917
27919
27947
27967
27997
28001
28027
28081
28087
28099
28111
28123
28151
28181
28183
28201
28211
28219
28229
28277
28279
28283
28289
28297
28387
28393
28411
28429
28433
28447
28477
28499
28559
28621
28627
28661
28663
28669
28687
28711
28723
28729
28771
28789
28807
28813
28817
28837
28843
28859
28867
28871
28879
28909
28921
28927
28933
28949
28979
29009
29021
29023
29027
29033
29059
29077
29101
29123
29129
29131
29179
29191
29201
29207
29209
29221
29231
29243
29251
29269
29287
29297
29303
29311
29327
29333
29339
29363
29383
29389
29399
29411
29423
29429
29443
29527
29569
29599
29611
29629
29633
29663
29669
29717
29723
29759
29789
29819
29833
29879
29881
29917
29921
29927
29947
29959
29983
29989
30011
30013
30029
30047
30059
30071
30089
30091
30097
30103
30109
30113
30119
30133
30137
30139
30161
30181
30203
30211
30223
30253
30293
30307
30313
30319
30323
30341
30347
30367
30389
30391
30403
30431
30449
30493
30509
30539
30553
30557
30559
30577
30593
30631
30637
30643
30661
30677
30703
30707
30713
30727
30757
30763
30773
30803
30809
30839
30853
30881
30893
30911
30931
30937
30949
30977
30983
31013
31019
31033
31039
31051
31063
31081
31091
31121
31123
31139
31147
31151
31153
31159
31177
31181
31183
31189
31193
31219
31223
31231
31237
31253
31271
31277
31307
31319
31321
31327
31333
31337
31357
31379
31387
31391
31393
31397
31477
31481
31511
31513
31517
31531
31541
31543
31573
31583
31601
31643
31663
31667
31699
31721
31723
31727
31741
31751
31771
31793
31799
31817
31873
31883
31891
31963
31973
31981
31991
32003
32009
32027
32029
32063
32077
32083
32099
32117
32119
32141
32143
32173
32183
32191
32203
32213
32233
32237
32251
32257
32261
32297
32299
32303
32309
32321
32323
32327
32341
32353
32359
32363
32369
32371
32377
32381
32411
32413
32423
32429
32441
32443
32503
32531
32533
32537
32563
32573
32603
32611
32621
32633
32653
32693
32707
32713
32717
32771
32779
32783
32797
32803
32831
32833
32839
32843
32887
32909
32911
32933
32939
32969
32983
32993
32999
33013
33023
33029
33037
33049
33053
33071
33073
33083
33091
33107
33113
33119
33149
33151
33161
33179
33181
33191
33199
33203
33211
33223
33247
33287
33289
33301
33311
33317
33329
33331
33343
33347
33349
33353
33359
33377
33391
33403
33409
33413
33427
33457
33461
33469
33479
33487
33493
33503
33521
33529
33533
33547
33563
33569
33577
33581
33587
33589
33599
33601
33613
33617
33619
33623
33629
33637
33641
33647
33679
33703
33713
33721
33739
33749
33751
33757
33767
33769
33773
33791
33797
33809
33811
33827
33829
33851
33857
33863
33871
33889
33893
33911
33923
33931
33937
33941
33961
33967
33997
34031
34033
34039
34123
34141
34147
34171
34183
34211
34213
34231
34253
34273
34283
34301
34303
34313
34319
34327
34337
34351
34361
34367
34369
34381
34403
34421
34429
34439
34457
34469
34471
34483
34487
34499
34511
34513
34537
34543
34549
34583
34603
34613
34631
34649
34667
34673
34693
34703
34739
34747
34757
34763
34841
34843
34847
34849
34877
34883
34913
34919
34939
34949
34963
35023
35051
35053
35059
35083
35099
35111
35117
35141
35153
35159
35171
35221
35227
35251
35257
35311
35317
35323
35327
35339
35353
35363
35381
35393
35423
35437
35447
35449
35507
35509
35521
35527
35531
35533
35537
35543
35569
35573
35591
35593
35597
35603
35677
35731
35747
35753
35759
35771
35797
35803
35831
35837
35839
35851
35863
35899
35911
35923
35933
35951
35963
35969
35977
35983
35993
35999
36007
36011
36013
36037
36061
36067
36073
36083
36131
36137
36151
36161
36191
36229
36263
36269
36277
36293
36299
36307
36313
36319
36341
36343
36353
36373
36383
36389
36433
36467
36469
36473
36493
36523
36551
36559
36563
36583
36599
36607
36629
36637
36643
36653
36671
36677
36683
36691
36697
36713
36739
36761
36767
36779
36787
36793
36833
36877
36887
36899
36913
36919
36923
36929
36931
36943
36973
36979
36997
37003
37013
37039
37057
37087
37097
37117
37123
37139
37171
37181
37199
37217
37223
37243
37253
37273
37277
37307
37309
37313
37321
37337
37339
37357
37361
37363
37369
37379
37397
37423
37441
37447
37463
37483
37493
37507
37511
37517
37537
37547
37567
37571
37573
37579
37607
37633
37643
37657
37663
37693
37699
37717
37747
37781
37783
37799
37811
37813
37831
37847
37853
37871
37879
37889
37897
37907
37957
37963
37967
37987
37991
37993
37997
38011
38039
38053
38083
38113
38119
38153
38177
38183
38189
38231
38237
38239
38273
38281
38287
38299
38303
38317
38321
38327
38329
38333
38351
38371
38377
38393
38431
38447
38449
38453
38543
38557
38593
38603
38611
38639
38653
38669
38677
38693
38699
38707
38711
38713
38723
38737
38747
38767
38783
38803
38821
38833
38839
38851
38861
38867
38873
38891
38903
38923
38933
38953
38959
38977
38993
39019
39023
39043
39079
39089
39097
39103
39113
39119
39133
39139
39161
39163
39181
39191
39199
39209
39227
39229
39233
39239
39293
39301
39313
39317
39323
39341
39343
39359
39367
39371
39373
39383
39397
39409
39419
39439
39443
39499
39503
39509
39511
39551
39563
39569
39619
39623
39631
39659
39667
39679
39703
39709
39719
39727
39733
39749
39769
39779
39791
39799
39829
39839
39863
39869
39877
39883
39887
39901
39929
39937
39953
39971
39979
39983
39989
40009
40013
40031
40037
40039
40063
40087
40093
40099
40111
40151
40177
40241
40277
40343
40423
40427
40429
40433
40459
40471
40483
40487
40493
40499
40507
40543
40559
40577
40609
40699
40709
40771
40787
40801
40841
40847
40849
40883
40903
40933
40939
40949
40993
41011
41017
41047
41051
41077
41081
41113
41117
41131
41141
41143
41149
41161
41177
41179
41183
41189
41201
41213
41221
41227
41231
41233
41243
41281
41299
41333
41341
41351
41381
41399
41411
41413
41443
41453
41467
41479
41491
41513
41519
41521
41543
41549
41611
41617
41621
41641
41647
41651
41669
41681
41719
41737
41761
41771
41777
41801
41813
41843
41849
41851
41887
41911
41941
41947
41959
41969
41981
41999
42023
42043
42101
42131
42181
42209
42221
42223
42227
42239
42257
42281
42283
42293
42299
42323
42331
42337
42349
42373
42403
42407
42409
42433
42437
42443
42451
42457
42461
42463
42467
42473
42487
42491
42499
42533
42557
42577
42611
42641
42643
42649
42667
42677
42727
42737
42743
42767
42773
42787
42797
42821
42829
42841
42899
42923
42929
42943
42979
42989
43003
43013
43037
43049
43063
43093
43103
43117
43133
43151
43177
43223
43237
43283
43313
43319
43321
43331
43391
43397
43399
43403
43411
43427
43441
43451
43457
43481
43487
43499
43541
43543
43573
43577
43613
43633
43649
43661
43669
43711
43717
43753
43777
43783
43787
43793
43853
43889
43913
43933
43943
43963
43969
43973
43991
43997
44017
44021
44027
44029
44041
44053
44059
44071
44087
44089
44101
44111
44119
44123
44129
44131
44159
44171
44179
44189
44201
44203
44207
44221
44249
44257
44263
44267
44269
44273
44279
44281
44293
44351
44357
44371
44381
44383
44389
44417
44449
44453
44483
44491
44497
44501
44507
44519
44531
44533
44537
44543
44549
44563
44579
44587
44617
44621
44623
44633
44641
44647
44651
44657
44683
44687
44699
44701
44711
44729
44741
44753
44771
44773
44777
44789
44797
44809
44819
44839
44843
44851
44867
44879
44887
44893
44909
44917
44927
44939
44953
44959
44963
44971
44983
44987
45007
45053
45077
45119
45121
45131
45161
45181
45191
45233
45247
45259
45337
45341
45343
45377
45403
45413
45427
45433
45439
45481
45491
45497
45503
45523
45533
45541
45553
45557
45569
45587
45589
45599
45641
45659
45667
45677
45707
45737
45751
45757
45767
45779
45833
45841
45853
45887
45943
45949
45953
45959
45979
45989
46049
46061
46099
46133
46141
46147
46171
46181
46199
46229
46261
46337
46349
46399
46411
46439
46441
46447
46451
46457
46471
46477
46489
46499
46511
46549
46559
46567
46601
46619
46633
46639
46643
46649
46663
46679
46681
46687
46691
46727
46747
46757
46769
46771
46811
46861
46867
46877
46889
46919
46933
46993
46997
47017
47041
47057
47087
47111
47119
47137
47143
47147
47149
47161
47207
47221
47237
47279
47287
47297
47303
47317
47339
47353
47363
47387
47407
47417
47419
47431
47441
47459
47491
47497
47507
47527
47533
47543
47599
47657
47699
47701
47711
47713
47717
47737
47741
47743
47777
47779
47791
47797
47807
47837
47843
47857
47881
47911
47917
47933
47939
47947
47969
47977
48049
48119
48121
48131
48187
48221
48247
48281
48299
48311
48313
48337
48341
48353
48383
48407
48409
48413
48437
48449
48463
48473
48479
48481
48487
48491
48497
48533
48541
48589
48611
48647
48649
48661
48677
48733
48757
48767
48779
48781
48787
48799
48809
48817
48821
48823
48847
48857
48859
48869
48871
48883
48889
48947
48989
48991
49003
49009
49019
49033
49043
49069
49109
49117
49121
49139
49169
49171
49177
49193
49199
49211
49223
49277
49279
49297
49331
49333
49339
49363
49369
49391
49393
49409
49411
49417
49429
49433
49451
49459
49463
49477
49481
49499
49529
49547
49549
49559
49597
49633
49639
49663
49667
49669
49697
49711
49727
49739
49741
49747
49757
49787
49789
49811
49843
49877
49891
49919
49921
49927
49937
49939
49943
49957
49991
49993
49999
50021
50023
50033
50047
50051
50053
50069
50077
50087
50093
50101
50111
50119
50131
50153
50159
50177
50207
50221
50227
50311
50333
50359
50363
50377
50383
50411
50441
50459
50503
50513
50527
50539
50543
50549
50551
50581
50587
50591
50593
50599
50651
50707
50753
50767
50773
50777
50833
50857
50909
50929
50951
50957
50969
50989
50993
51001
51031
51059
51061
51071
51109
51131
51133
51137
51151
51157
51169
51193
51197
51199
51217
51229
51241
51257
51341
51343
51361
51383
51413
51419
51421
51431
51449
51461
51481
51503
51511
51517
51521
51539
51551
51563
51577
51581
51593
51599
51613
51631
51659
51691
51713
51719
51721
51767
51787
51797
51817
51853
51859
51871
51899
51913
51929
51941
51949
51971
51977
51991
52009
52021
52027
52051
52057
52121
52127
52153
52177
52181
52201
52223
52237
52249
52253
52259
52267
52289
52291
52313
52321
52363
52433
52453
52457
52501
52511
52517
52529
52541
52543
52553
52561
52567
52571
52579
52583
52627
52667
52711
52721
52727
52733
52747
52757
52859
52883
52889
52919
52951
52957
52999
53003
53051
53077
53093
53101
53113
53117
53161
53171
53173
53231
53233
53239
53299
53309
53323
53327
53353
53359
53377
53381
53411
53437
53441
53453
53503
53507
53527
53549
53551
53569
53591
53593
53597
53611
53623
53633
53639
53653
53657
53693
53699
53717
53731
53759
53773
53777
53783
53813
53831
53857
53881
53887
53899
53923
53939
53951
53959
53993
54001
54011
54049
54059
54101
54121
54133
54151
54181
54251
54277
54311
54323
54331
54347
54377
54401
54403
54409
54413
54419
54421
54437
54443
54449
54469
54493
54497
54499
54503
54517
54521
54539
54541
54547
54559
54563
54577
54581
54583
54647
54667
54727
54751
54767
54773
54779
54787
54799
54833
54851
54877
54881
54919
54941
54949
54959
54979
55001
55009
55021
55049
55051
55057
55061
55073
55079
55103
55109
55117
55127
55147
55163
55171
55201
55207
55213
55217
55219
55229
55243
55249
55259
55291
55313
55331
55333
55337
55339
55343
55351
55373
55381
55399
55411
55439
55441
55457
55469
55487
55501
55511
55529
55541
55547
55579
55589
55603
55609
55619
55621
55631
55633
55639
55661
55663
55667
55673
55681
55691
55697
55711
55717
55721
55733
55763
55787
55793
55799
55807
55813
55817
55819
55823
55829
55837
55843
55849
55871
55889
55897
55901
55903
55921
55927
55931
55933
55949
55967
55987
55997
56003
56009
56053
56099
56101
56113
56131
56167
56171
56263
56267
56269
56299
56311
56333
56359
56369
56377
56383
56393
56443
56453
56467
56477
56501
56503
56509
56519
56527
56531
56533
56543
56569
56591
56597
56599
56611
56629
56633
56659
56663
56671
56681
56687
56711
56737
56747
56767
56773
56779
56857
56909
56911
56929
56951
56957
56963
56989
56993
56999
57037
57047
57059
57073
57077
57097
57107
57119
57131
57173
57179
57191
57221
57223
57251
57259
57271
57287
57331
57347
57367
57373
57383
57397
57427
57457
57467
57487
57503
57527
57529
57557
57559
57571
57587
57593
57637
57653
57667
57679
57697
57709
57713
57719
57727
57731
57737
57751
57773
57781
57787
57791
57793
57847
57853
57859
57881
57899
57917
57947
57973
57977
57991
58057
58099
58111
58151
58153
58171
58189
58199
58211
58229
58313
58337
58363
58393
58411
58441
58451
58453
58477
58481
58511
58537
58543
58549
58567
58573
58579
58657
58661
58687
58699
58711
58727
58733
58757
58771
58787
58789
58831
58889
58897
58909
58979
58991
58997
59009
59011
59029
59051
59053
59069
59077
59093
59113
59119
59141
59149
59159
59197
59209
59219
59221
59233
59239
59333
59351
59357
59359
59369
59377
59393
59399
59419
59441
59443
59447
59453
59497
59509
59513
59539
59557
59561
59567
59581
59611
59629
59651
59659
59663
59669
59693
59699
59707
59729
59747
59753
59771
59779
59791
59797
59809
59833
59879
59887
59921
59929
59951
59957
59971
59981
59999
60013
60017
60029
60037
60041
60077
60083
60089
60091
60101
60103
60107
60133
60161
60167
60169
60209
60223
60331
60337
60343
60353
60373
60383
60443
60449
60509
60601
60607
60611
60617
60623
60631
60637
60647
60649
60659
60661
60679
60689
60703
60727
60733
60737
60757
60761
60763
60773
60779
60811
60869
60887
60889
60899
60901
60919
60961
61001
61007
61031
61051
61091
61099
61121
61129
61141
61151
61153
61169
61211
61223
61231
61261
61291
61331
61333
61339
61343
61363
61381
61417
61441
61463
61469
61471
61511
61519
61553
61559
61561
61603
61609
61613
61627
61631
61637
61643
61651
61657
61667
61673
61681
61687
61717
61751
61757
61781
61813
61819
61861
61871
61909
61933
61949
61961
61967
61979
61981
61991
62003
62011
62099
62119
62129
62131
62141
62171
62191
62201
62207
62213
62219
62233
62273
62297
62299
62303
62311
62323
62327
62383
62423
62467
62477
62533
62563
62603
62617
62627
62633
62639
62653
62659
62683
62687
62723
62761
62773
62827
62861
62869
62921
62927
62929
62939
62969
62989
63031
63067
63073
63103
63113
63131
63199
63211
63277
63299
63311
63313
63317
63331
63337
63347
63353
63361
63367
63377
63389
63391
63397
63439
63443
63463
63467
63473
63493
63499
63533
63559
63577
63599
63601
63607
63611
63617
63629
63647
63649
63659
63667
63671
63689
63691
63697
63703
63727
63737
63743
63761
63773
63793
63799
63803
63823
63839
63853
63863
63913
63929
63949
63977
63997
64007
64033
64063
64067
64151
64171
64223
64303
64333
64373
64399
64403
64433
64439
64451
64453
64483
64489
64499
64553
64567
64577
64601
64609
64613
64621
64627
64633
64661
64663
64667
64679
64693
64717
64747
64763
64811
64849
64877
64919
64969
64997
65003
65011
65033
65053
65063
65099
65101
65111
65119
65141
65167
65171
65257
65267
65269
65323
65353
65357
65393
65447
65449
65519
65521
65537
65539
65543
65551
65557
65563
65579
65581
65587
65599
65609
65617
65629
65633
65647
65651
65657
65677
65687
65699
65707
65717
65761
65777
65851
65867
65881
65899
65929
65951
65957
65963
65993
66029
66037
66041
66047
66067
66071
66083
66089
66103
66107
66109
66137
66161
66169
66173
66179
66191
66221
66239
66271
66293
66301
66337
66343
66347
66359
66361
66373
66377
66383
66403
66413
66431
66449
66457
66463
66467
66491
66499
66509
66523
66529
66533
66541
66553
66569
66571
66587
66593
66601
66617
66629
66643
66653
66683
66697
66701
66713
66721
66733
66739
66749
66751
66763
66791
66797
66809
66821
66841
66851
66853
66863
66877
66883
66889
66919
66923
66931
66943
66947
66949
66959
66973
66977
67003
67033
67057
67061
67073
67079
67121
67141
67157
67169
67181
67187
67211
67217
67247
67261
67271
67273
67307
67339
67343
67369
67399
67411
67427
67433
67447
67477
67499
67511
67537
67547
67559
67567
67577
67579
67601
67607
67619
67631
67651
67679
67699
67709
67723
67733
67741
67751
67757
67759
67763
67777
67783
67789
67807
67867
67883
67927
67933
67939
67957
67961
67967
67979
67987
67993
68087
68099
68111
68113
68141
68161
68171
68227
68261
68281
68311
68389
68399
68443
68447
68449
68477
68483
68489
68567
68581
68611
68633
68639
68659
68669
68683
68687
68699
68711
68737
68767
68771
68777
68813
68819
68821
68863
68879
68881
68891
68897
68899
68909
68963
68993
69001
69011
69019
69029
69061
69067
69109
69119
69149
69151
69163
69191
69193
69197
69221
69233
69239
69259
69263
69313
69337
69379
69383
69389
69439
69463
69467
69491
69493
69497
69499
69539
69557
69593
69623
69653
69661
69677
69691
69697
69709
69737
69739
69761
69763
69767
69779
69809
69829
69833
69859
69877
69899
69911
69929
69931
69941
69959
69991
69997
70001
70003
70009
70019
70039
70051
70061
70067
70079
70099
70111
70117
70121
70141
70157
70177
70181
70199
70201
70207
70223
70229
70237
70271
70297
70309
70313
70327
70373
70379
70393
70457
70487
70501
70507
70537
70571
70573
70607
70627
70657
70663
70667
70687
70709
70717
70729
70753
70769
70783
70793
70867
70877
70879
70901
70919
70937
70949
70957
70969
70979
70991
70997
70999
71011
71081
71119
71129
71143
71147
71153
71161
71167
71171
71191
71233
71237
71257
71261
71287
71317
71327
71333
71339
71341
71347
71353
71363
71387
71399
71411
71413
71419
71437
71443
71471
71473
71479
71527
71537
71551
71597
71633
71647
71663
71671
71699
71707
71711
71713
71719
71741
71761
71777
71789
71807
71821
71837
71861
71867
71879
71881
71887
71899
71909
71917
71933
71941
71947
71971
71987
71993
71999
72047
72073
72077
72101
72161
72167
72173
72211
72221
72223
72227
72229
72251
72253
72269
72271
72277
72287
72307
72313
72337
72353
72367
72379
72383
72421
72467
72497
72533
72547
72551
72559
72577
72617
72623
72647
72661
72671
72673
72679
72701
72707
72719
72727
72733
72739
72763
72767
72797
72817
72823
72871
72883
72889
72907
72911
72923
72937
72949
72959
72973
72977
72997
73009
73013
73037
73039
73043
73063
73079
73121
73127
73133
73141
73181
73237
73243
73277
73303
73309
73327
73331
73351
73361
73363
73369
73379
73387
73417
73433
73453
73471
73477
73483
73517
73523
73547
73553
73571
73583
73597
73607
73613
73637
73643
73673
73679
73693
73699
73709
73721
73727
73751
73757
73771
73783
73823
73847
73867
73877
73883
73897
73907
73939
73943
73973
73999
74017
74027
74047
74071
74077
74099
74101
74131
74143
74149
74161
74167
74177
74197
74257
74279
74287
74297
74311
74317
74323
74353
74357
74363
74377
74383
74411
74413
74419
74441
74449
74453
74471
74489
74507
74527
74551
74567
74573
74587
74597
74611
74687
74699
74707
74713
74717
74719
74729
74731
74747
74759
74761
74771
74779
74797
74827
74843
74857
74873
74887
74897
74929
74933
74941
74959
75011
75017
75037
75079
75133
75161
75167
75181
75211
75217
75223
75227
75253
75277
75307
75323
75337
75347
75353
75367
75377
75407
75437
75479
75503
75511
75521
75527
75533
75539
75541
75553
75557
75571
75577
75583
75611
75617
75653
75659
75679
75703
75707
75709
75721
75731
75743
75767
75773
75781
75787
75793
75797
75833
75853
75883
75937
75967
75979
75989
75991
75997
76001
76003
76079
76099
76147
76157
76163
76207
76261
76303
76333
76343
76367
76369
76379
76387
76441
76463
76471
76487
76507
76511
76537
76561
76579
76597
76603
76607
76631
76649
76651
76667
76673
76679
76697
76717
76733
76753
76757
76771
76777
76781
76837
76847
76871
76873
76883
76907
76919
76949
76961
76963
76991
77003
77017
77023
77029
77041
77047
77069
77081
77093
77101
77137
77141
77153
77167
77171
77191
77201
77213
77237
77239
77243
77249
77261
77263
77267
77269
77279
77291
77317
77323
77339
77347
77351
77359
77369
77377
77383
77417
77419
77431
77447
77471
77477
77479
77489
77491
77509
77513
77521
77527
77543
77549
77551
77557
77563
77569
77573
77587
77591
77611
77617
77621
77641
77647
77659
77681
77687
77689
77699
77711
77713
77719
77723
77731
77743
77747
77761
77773
77783
77797
77801
77813
77839
77849
77863
77867
77893
77899
77929
77933
77951
77969
77977
77983
77999
78007
78017
78079
78101
78121
78137
78157
78167
78173
78179
78191
78229
78233
78277
78283
78307
78311
78317
78347
78367
78427
78437
78467
78479
78487
78497
78511
78517
78553
78571
78577
78583
78607
78697
78707
78713
78721
78737
78779
78781
78787
78791
78797
78803
78809
78823
78839
78853
78857
78877
78887
78889
78893
78919
78929
78977
78979
78989
79039
79087
79111
79133
79139
79147
79151
79159
79181
79187
79193
79229
79259
79273
79279
79309
79319
79333
79337
79349
79357
79367
79379
79393
79397
79399
79411
79427
79433
79493
79537
79549
79559
79579
79589
79609
79627
79633
79657
79669
79687
79691
79693
79697
79699
79757
79769
79777
79811
79817
79829
79847
79867
79873
79889
79901
79903
79907
79939
79943
79967
79973
79979
79987
79997
79999
80021
80039
80051
80071
80077
80107
80111
80141
80177
80191
80207
80209
80221
80233
80287
80309
80363
80387
80407
80447
80449
80489
80557
80599
80603
80611
80669
80677
80681
80683
80687
80701
80737
80747
80777
80779
80783
80789
80803
80809
80819
80831
80833
80849
80863
80897
80909
80911
80929
80933
80989
81001
81013
81017
81019
81031
81041
81071
81077
81083
81101
81119
81131
81157
81163
81173
81181
81197
81199
81223
81233
81281
81283
81299
81331
81343
81353
81371
81373
81401
81421
81517
81533
81551
81553
81559
81611
81619
81667
81671
81677
81689
81701
81707
81727
81737
81761
81773
81799
81817
81839
81847
81853
81869
81883
81899
81901
81919
81929
81931
81971
82003
82007
82009
82021
82129
82141
82171
82183
82189
82207
82217
82219
82223
82231
82237
82241
82261
82267
82279
82339
82373
82387
82393
82421
82483
82487
82499
82529
82559
82633
82699
82721
82723
82727
82729
82757
82781
82787
82799
82811
82813
82837
82847
82883
82889
82891
82939
82981
82997
83003
83009
83023
83063
83077
83089
83093
83101
83117
83137
83177
83203
83221
83227
83231
83233
83243
83273
83299
83311
83339
83341
83357
83383
83389
83399
83423
83431
83437
83443
83449
83477
83537
83557
83563
83639
83653
83663
83689
83717
83737
83773
83777
83813
83833
83843
83857
83869
83873
83891
83903
83911
83933
83939
83969
83983
83987
84011
84047
84089
84121
84131
84143
84181
84191
84199
84211
84221
84223
84229
84247
84299
84313
84347
84349
84377
84389
84401
84407
84421
84431
84437
84443
84449
84457
84463
84467
84481
84499
84533
84551
84559
84589
84649
84737
84787
84809
84811
84827
84857
84859
84869
84871
84919
84947
84977
84979
84991
85009
85081
85087
85121
85133
85159
85199
85223
85229
85259
85303
85313
85331
85333
85363
85381
85411
85447
85451
85453
85487
85513
85517
85523
85531
85549
85571
85577
85597
85661
85667
85669
85711
85717
85733
85751
85781
85817
85819
85829
85831
85837
85843
85847
85853
85889
85909
85933
85991
85999
86011
86069
86077
86083
86111
86113
86117
86131
86161
86171
86183
86263
86269
86287
86311
86323
86353
86369
86381
86389
86399
86441
86461
86467
86477
86533
86561
86587
86599
86627
86629
86677
86689
86693
86711
86767
86771
86783
86813
86837
86843
86851
86857
86861
86869
86929
86939
86959
86969
86981
86993
87011
87037
87071
87083
87107
87119
87121
87133
87151
87179
87181
87187
87211
87221
87223
87257
87277
87281
87299
87313
87317
87323
87337
87383
87407
87427
87433
87443
87473
87481
87511
87517
87547
87553
87557
87559
87583
87587
87589
87671
87679
87683
87697
87701
87719
87721
87739
87743
87751
87767
87793
87797
87803
87811
87833
87853
87869
87877
87881
87887
87911
87917
87959
87973
87977
87991
88001
88003
88007
88019
88037
88069
88079
88093
88117
88129
88169
88177
88211
88223
88237
88241
88259
88261
88289
88301
88321
88327
88337
88339
88379
88397
88411
88423
88427
88463
88469
88471
88493
88499
88513
88523
88547
88589
88591
88607
88609
88643
88651
88657
88661
88663
88667
88681
88721
88729
88741
88747
88771
88789
88793
88799
88801
88807
88811
88813
88817
88819
88843
88853
88861
88867
88873
88883
88897
88903
88919
88937
88951
88969
88993
88997
89003
89009
89069
89083
89087
89101
89113
89119
89189
89209
89227
89269
89293
89303
89329
89363
89381
89387
89393
89399
89443
89449
89459
89477
89491
89519
89533
89591
89597
89599
89611
89633
89659
89669
89681
89689
89759
89767
89779
89783
89797
89809
89819
89821
89833
89839
89849
89867
89891
89897
89899
89909
89917
89923
89939
89959
89963
89977
89983
89989
90001
90007
90011
90017
90019
90023
90031
90053
90059
90067
90071
90073
90089
90107
90121
90149
90191
90197
90199
90203
90227
90239
90289
90313
90353
90359
90373
90379
90397
90401
90403
90407
90439
90469
90499
90511
90529
90533
90599
90619
90659
90677
90679
90697
90703
90709
90749
90787
90793
90803
90833
90887
90901
90907
90911
90917
90931
90947
90971
90977
90989
90997
91009
91019
91033
91079
91081
91097
91099
91121
91127
91129
91139
91141
91151
91153
91159
91163
91183
91193
91199
91229
91249
91291
91297
91303
91309
91331
91369
91373
91381
91393
91397
91411
91433
91459
91493
91499
91513
91529
91541
91571
91577
91591
91621
91631
91639
91691
91711
91733
91757
91771
91781
91801
91811
91813
91841
91909
91921
91939
91943
91951
91957
91961
91967
91969
91997
92003
92009
92033
92077
92111
92119
92177
92179
92189
92203
92219
92221
92227
92233
92237
92243
92251
92269
92297
92311
92333
92353
92363
92369
92377
92383
92399
92419
92459
92479
92489
92551
92557
92569
92593
92623
92627
92639
92669
92693
92699
92707
92717
92723
92737
92767
92779
92789
92791
92809
92821
92849
92893
92899
92921
92927
92941
92951
92957
92959
92987
92993
93001
93053
93059
93077
93083
93089
93097
93103
93113
93131
93133
93139
93151
93169
93179
93199
93229
93239
93253
93263
93283
93307
93319
93323
93329
93337
93371
93377
93383
93419
93463
93479
93491
93493
93497
93503
93523
93529
93553
93557
93559
93563
93629
93637
93683
93703
93719
93739
93763
93787
93809
93811
93887
93889
93893
93901
93911
93913
93923
93937
93941
93949
93967
93971
93979
93983
93997
94007
94009
94033
94049
94079
94099
94109
94111
94117
94121
94151
94169
94219
94229
94291
94309
94331
94343
94349
94379
94397
94399
94421
94427
94433
94439
94441
94447
94463
94477
94483
94529
94541
94543
94547
94559
94597
94649
94693
94709
94727
94747
94771
94777
94789
94793
94811
94819
94841
94847
94849
94889
94903
94907
94933
94949
94951
94961
94993
94999
95003
95009
95089
95093
95101
95111
95131
95153
95177
95189
95191
95219
95233
95239
95257
95279
95311
95339
95369
95383
95393
95419
95429
95441
95443
95479
95507
95527
95531
95539
95549
95561
95569
95581
95597
95629
95633
95651
95707
95717
95737
95747
95773
95789
95791
95819
95857
95869
95881
95891
95911
95917
95923
95929
95947
95957
95959
95971
95987
95989
96001
96059
96079
96097
96149
96167
96179
96181
96199
96211
96221
96223
96233
96259
96263
96269
96289
96293
96323
96329
96331
96337
96353
96377
96419
96443
96461
96469
96479
96493
96497
96553
96557
96589
96601
96643
96661
96667
96671
96697
96737
96739
96749
96757
96763
96769
96779
96787
96797
96799
96893
96907
96911
96931
96953
96959
96973
96979
96989
96997
97001
97003
97007
97039
97073
97117
97127
97151
97157
97159
97169
97171
97177
97187
97259
97303
97327
97367
97369
97373
97379
97387
97397
97429
97441
97459
97499
97511
97547
97549
97553
97571
97577
97579
97607
97609
97649
97673
97687
97711
97729
97771
97777
97787
97789
97829
97847
97849
97859
97871
97879
97883
97919
97927
97931
97943
97961
97967
97973
97987
98009
98011
98081
98101
98129
98179
98221
98227
98269
98297
98299
98323
98369
98377
98387
98389
98411
98419
98429
98443
98459
98479
98491
98519
98533
98597
98639
98663
98669
98689
98711
98717
98729
98737
98773
98779
98801
98807
98809
98837
98849
98867
98869
98873
98887
98893
98897
98899
98909
98911
98927
98929
98939
98947
98953
98963
98981
98993
98999
99013
99017
99023
99041
99053
99079
99083
99089
99103
99109
99119
99131
99133
99137
99139
99149
99173
99181
99191
99223
99233
99241
99251
99257
99259
99277
99289
99317
99347
99349
99367
99371
99377
99391
99397
99401
99409
99431
99439
99469
99487
99497
99523
99527
99529
99551
99559
99563
99571
99577
99581
99607
99611
99623
99643
99661
99667
99679
99689
99707
99709
99713
99719
99721
99733
99761
99767
99787
99793
99809
99817
99823
99829
99833
99839
99859
99871
99877
99881
99901
99907
99923
99929
99961
99971
99989
99991
