22.520565602896887
22.54306100005788
22.557246634705653
22.583852520656357
22.61986494804043
22.61986494804098
22.619864948040995
22.65189165209059
22.671343621981183
22.68055960702522
22.693794945092357
22.71441235316724
22.72410215174103
22.729732079944693
22.750976342787638
22.75097634278783
22.750976342787833
22.75097634278786
22.770378908762215
22.78240573048169
22.796521467942608
22.809711103877675
22.83365417791754
22.833654177917698
22.833654177917715
22.83365417791775
22.854819961776716
22.864508121899775
22.873665190626713
22.890551656248327
22.90576965841719
22.912828396771655
22.93210043758978
22.93210043758989
22.96377305985455
22.972721330828662
22.97694450318875
22.98871680208064
22.98871680208079
23.025492008528037
23.039435979903672
23.051300916473025
23.061519532293534
23.085133672808407
23.091295171818082
23.096821918160842
23.106326858271572
23.120848662424827
23.198590513648185
23.198590513648256
23.198590513648263
23.198590513648266
23.19859051364827
23.198590513648274
23.198590513648277
23.19859051364828
23.198590513648284
23.198590513648288
23.19859051364829
23.198590513648295
23.198590513648302
23.198590513648305
23.19859051364831
23.198590513648316
23.28606491822357
23.304890539203114
23.310935035384297
23.31770838675513
23.32535088097586
23.334041276709776
23.344010961577567
23.355564859286005
23.369113163482076
23.385221057213755
23.385221057213837
23.404689551032373
23.416030758230413
23.428692808745403
23.42869280874546
23.459024081461628
23.470993118160944
23.498565675952097
23.498565675952143
23.498565675952158
23.523209020459618
23.55226367289465
23.552263672894696
23.552263672894707
23.57470620191267
23.587030525128235
23.594820569881474
23.600189867917837
23.629377730656817
23.62937773065686
23.629377730656866
23.654213350910304
23.670538484720453
23.682087724538448
23.682087724538505
23.70264595096624
23.728391075952537
23.749494492866763
23.7494944928668
23.749494492866805
23.749494492866813
23.749494492866816
23.74949449286682
23.749494492866827
23.772348811364708
23.782030423221446
23.7907738657772
23.805943518457717
23.805943518457756
23.805943518457767
23.81865049973381
23.82426058289542
23.838740183171762
23.838740183171776
23.86017519134234
23.875280853927567
23.875280853927578
23.886499921634808
23.895161415070366
23.902050411010848
23.9076604941725
23.962488974578182
23.962488974578214
23.962488974578218
23.96248897457822
23.962488974578225
23.96248897457823
23.962488974578232
23.962488974578235
23.962488974578243
23.962488974578246
24.00714662688581
24.026506578679196
24.034288159442582
24.04422326936782
24.057349450011767
24.087452308632294
24.102234501161142
24.120983119442585
24.145541960421653
24.145541960421685
24.1455419604217
24.171444209793165
24.179107146689176
24.19320898728877
24.1932089872888
24.200971591158506
24.205885044496387
24.22774531795417
24.227745317954195
24.2277453179542
24.253919724316592
24.26129085247779
24.27444113443946
24.27444113443949
24.285825155651313
24.290962408350968
24.304549265936718
24.304549265936743
24.304549265936753
24.32557523912611
24.341089936692512
24.37012005387382
24.37646861667477
24.386371101801387
24.443954780416536
24.443954780416558
24.44395478041656
24.443954780416565
24.44395478041657
24.443954780416572
24.44395478041658
24.491901028231563
24.498574191433782
24.507405230129734
24.512985806669295
24.527720480258115
24.53772847657779
24.55045238920742
24.567171320601314
24.590117166196013
24.590117166196052
24.599790605157466
24.605123917951623
24.623564786163612
24.646770851931166
24.655898744081615
24.67686317033706
24.676863170337086
24.691558163478064
24.702430227771313
24.702430227771345
24.717440911083393
24.727314386690136
24.743537825476903
24.775140568831922
24.775140568831944
24.77514056883195
24.775140568831954
24.775140568831958
24.805665754816026
24.81419699053515
24.820541335489082
24.8293465881496
24.82934658814962
24.863696571751866
24.863696571751884
24.86369657175189
24.863696571751895
24.8803668591817
24.887411710924518
24.904768808095188
24.904768808095206
24.91802251581925
24.928474135461272
24.94390526342458
24.97391090588343
24.981239606216047
25.016893478100023
25.01689347810004
25.016893478100044
25.016893478100048
25.01689347810005
25.016893478100055
25.01689347810006
25.057615418303048
25.067463438060475
25.083594006190918
25.096250462692165
25.114834886144564
25.132954992913344
25.144785630678946
25.144785630678978
25.159301916031655
25.167870149781614
25.177535429634784
25.20112364547507
25.201123645475093
25.223923397360803
25.23283132320838
25.24052926478679
25.253163394573882
25.253163394573903
25.26309850449914
25.267310500338994
25.277722235552968
25.277722235552975
25.27772223555298
25.292021157021278
25.34617594194671
25.346175941946715
25.34617594194672
25.346175941946722
25.377743861349185
25.387906291095927
25.395911849170602
25.407718108948472
25.4077181089485
25.426874169589805
25.426874169589826
25.43621638041738
25.44174846300256
25.463345061871614
25.463345061871635
25.46334506187164
25.48412699041732
25.497551493337806
25.513870427534243
25.523424501068018
25.529697990533062
25.537434390636324
25.559965171823812
25.559965171823826
25.55996517182383
25.594029245998826
25.60218755144178
25.61548432064219
25.641005824305303
25.641005824305307
25.64100582430531
25.65567072787885
25.66519146217359
25.67681568183822
25.688143435647348
25.709953780811265
25.709953780811293
25.730705601531223
25.75047412731827
25.769327624338718
25.769327624338736
25.79602649449995
25.82099197418928
25.820991974189305
25.844387554560335
25.866356794094518
25.866356794094532
25.880273670068846
25.88702626632669
25.906507999514385
25.906507999514407
25.924901507554477
25.930806462651883
25.942295489871675
25.95876926156064
25.974393962431318
25.974393962431332
25.974393962431336
25.97439396243134
25.98923358383301
26.00334584451144
26.012375912129833
26.01678294077379
26.029592191513455
26.029592191513466
26.041816594893824
26.05349531049095
26.075355583948767
26.095424157388365
26.11391263029071
26.13100054493858
26.146841235580894
26.146841235580908
26.16156644201924
26.175289981759935
26.188110697480855
26.200114841347343
26.20011484134736
26.21137801783153
26.22196677755448
26.231939933156625
26.241349652157766
26.25865955480728
26.26663835708311
26.274212154727437
26.28141102132019
26.288262124900232
26.294790070583854
26.3010171958189
26.306963825741803
26.31264849478884
26.323298267809886
26.33308572577979
26.34211152588047
26.350461245948594
26.358208106300683
26.365415122553614
26.372136823544956
26.378420633512423
26.56505117707799
26.565051177078
26.565051177078004
26.56505117707801
26.74810416292146
26.754145472421747
26.76059915334885
26.767508919296194
26.774924888645554
26.78290480217515
26.79151552941919
26.800834946954602
26.810954300348705
26.827874010314513
26.83404347077447
26.84050953321323
26.84729411334885
26.8544213405186
26.861917844402683
26.869813087499065
26.87813975209866
26.886934192476716
26.896236965493376
26.906093455936844
26.91655461695134
26.91655461695135
26.927677851040503
26.939528063800815
26.95217893122894
26.965714432870143
26.96571443287016
26.980230718222852
26.99583839408662
26.995838394086633
27.012665347938558
27.030860259842985
27.030860259843
27.05059700708612
27.050597007086132
27.07208023799276
27.08355086436868
27.0955524937518
27.108122870801772
27.121303404158663
27.135139622076878
27.13990592932094
27.149681697783166
27.16498505733194
27.18111108547722
27.181111085477234
27.19812794850914
27.20401107606962
27.216111557307475
27.216111557307492
27.235146699302522
27.25532837494307
27.255328374943083
27.276763383113693
27.28420729362307
27.299572211332805
27.29957221133282
27.31560797344226
27.34987578006989
27.349875780069894
27.377702771331734
27.387422157076173
27.4075754378184
27.407575437818412
27.40757543781842
27.428741221677576
27.43972794819932
27.450997770932236
27.474431626277134
27.47443162627714
27.47443162627715
27.499138731047154
27.512002623851455
27.525225743744333
27.525225743744347
27.536073108157158
27.552811576717797
27.55281157671781
27.58202920779716
27.59729586864372
27.59729586864373
27.606677853087962
27.613027823084476
27.621074983075534
27.64597536373868
27.64597536373869
27.645975363738696
27.67207822275878
27.681061568485262
27.68835389115342
27.699472808055
27.71850162818336
27.72825742231914
27.734190504985424
27.758540601060023
27.758540601060034
27.758540601060037
27.80145877993413
27.80145877993415
27.82409638425326
27.8380811971347
27.847578259788175
27.85444908113827
27.85965069524227
27.867003849656875
27.89727103094763
27.89727103094764
27.897271030947646
27.937142826538615
27.94303442338294
27.95096902789018
27.96223220437437
27.979474388480146
27.979474388480156
27.992053044592687
27.997147361242636
28.009176708013836
28.024500532070256
28.03385189146381
28.072486935852957
28.072486935852968
28.101351305961774
28.113208876055968
28.14160123226172
28.141601232261735
28.15619144827259
28.178590109959174
28.17859010995918
28.20162821869471
28.217355854729302
28.228776181369582
28.237445538167265
28.244251070801024
28.24973549497428
28.258029614706892
28.300755766006375
28.300755766006386
28.300755766006393
28.345693623076674
28.361194329573735
28.369046293278583
28.393019421383
28.393019421383006
28.412661443072587
28.42120922452686
28.425992243091024
28.442928624363347
28.442928624363358
28.442928624363365
28.465162142654844
28.474203610074365
28.495638618244982
28.49563861824499
28.51124629410876
28.523118606312043
28.539985187959967
28.539985187959978
28.55962047831983
28.570698548466602
28.577812501684708
28.610459665965216
28.610459665965227
28.610459665965234
28.64418289898275
28.65182845264875
28.657117456558133
28.66395711028153
28.673146489434995
28.68614757373944
28.686147573739454
28.705952543401093
28.739795291688043
28.739795291688058
28.77980630439722
28.779806304397226
28.790975072192023
28.810793742973065
28.835500847743084
28.85566121971652
28.855661219716527
28.867159469514625
28.87242417404019
28.88658176691071
28.90918365114783
28.926425835253614
28.94001269283937
28.950995207466804
28.967660646064033
28.9959595141184
29.054604099077146
29.054604099077153
29.054604099077157
29.116146266078935
29.124053494777428
29.134292197226184
29.14063373339431
29.15691788231299
29.167613379577798
29.1676133795778
29.180806052499854
29.197486046064476
29.21924669048461
29.228051943145132
29.23281745752432
29.24882633654698
29.248826336546987
29.275254277252575
29.29136217098426
29.291362170984268
29.310007070916125
29.320475877580762
29.331839578247514
29.357753542791276
29.357753542791283
29.38060786128922
29.389011466320344
29.39605285494326
29.407189060733653
29.427456403189737
29.43848967467151
29.445428729925602
29.453672726920946
29.47588900324574
29.47588900324575
29.475889003245758
29.500724623499163
29.51149855709032
29.521361834581654
29.538782259558097
29.538782259558108
29.553683632307447
29.56035446468074
29.577838681261326
29.57783868126134
29.592296359357977
29.60445074600491
29.638383688151343
29.64986350757558
29.65910923599511
29.666715206946453
29.67308211207783
29.678489925135207
29.74488129694222
29.744881296942236
29.744881296942243
29.797591290823853
29.80475147318012
29.814162737798686
29.820072565473758
29.827084654474746
29.8459319496874
29.859016164923098
29.875992691689433
29.87599269168944
29.875992691689447
29.89890183861456
29.898901838614577
29.90842732140513
29.91364599153488
29.931511840507792
29.9315118405078
29.931511840507806
29.9536081678015
29.981639368849333
29.981639368849343
30.004920870824026
30.018367427609093
30.027124233213087
30.033280435995138
30.041363926279125
30.068582821862453
30.068582821862456
30.1013045655997
30.106527041158394
30.11373315098243
30.124317998361203
30.141385552075345
30.141385552075352
30.154547917916183
30.173520029644333
30.173520029644347
30.19162296095761
30.20323775494266
30.211322385834826
30.217273957384325
30.225449724953418
30.25643716352927
30.256437163529277
30.291696100317253
30.302680720488098
30.311213226681627
30.323606862549987
30.34324888423958
30.352624727637004
30.358115458766633
30.379126011368342
30.37912601136835
30.403424474505826
30.411081267125372
30.42578380196126
30.43423575344341
30.439724380643128
30.46554491945988
30.465544919459887
30.488940499830928
30.499833233447447
30.510237406115554
30.52970589993411
30.529705899934125
30.54757174890702
30.579226872489016
30.57922687248902
30.579226872489027
30.59997869320896
30.60640703150949
30.618605408909396
30.6299984848207
30.650667957052864
30.65066795705287
30.66456458047988
30.668926649714937
30.699722550814414
30.7354877019201
30.7499673021964
30.76271953423892
30.762719534238922
30.784146526326445
30.793233882239633
30.801445976136844
30.808903450976032
30.82193558529311
30.83783194468726
30.846587412148608
30.85420450589701
30.8608916883495
30.96375653207352
30.96375653207353
30.963756532073536
31.071658060846314
31.09731288577945
31.102823684984642
31.108808828545143
31.11533231474184
31.122470196791998
31.130313561494965
31.148580986195007
31.159304508344377
31.159304508344384
31.184974658738387
31.218402764346376
31.21840276434638
31.239214888208767
31.2509510165807
31.26373169437743
31.277702866866456
31.282653681639676
31.29303899592019
31.293038995920195
31.30995038253448
31.328692867804172
31.32869286780418
31.349580865243016
31.35708522400993
31.37300514010846
31.390268104187808
31.399457483341266
31.429565614838516
31.429565614838523
31.42956561483853
31.452061011999504
31.45682335755526
31.464143630865752
31.476839349583983
31.487469364213993
31.504266719204193
31.522177246758684
31.526841887268862
31.534791905188296
31.551384948313483
31.56181184164935
31.568971129318335
31.607502246248906
31.607502246248913
31.65127288671263
31.675468738109213
31.690821304599524
31.701429669505718
31.701429669505725
31.715133515097804
31.723602957684026
31.7335191534163
31.7594800848128
31.787253121664758
31.842457259985192
31.86597769360368
31.879596847022743
31.890791801845708
31.90810693565316
31.908106935653162
31.920876219933184
31.938448916671888
31.9447527762034
31.9543629370514
31.961343416977037
32.005383208083494
32.0053832080835
32.00538320808351
32.05349048436307
32.06739160326049
32.074000875294054
32.08218715606604
32.09259132873416
32.092591328734166
32.12499844038752
32.12499844038753
32.137248981041786
32.14190982700182
32.15229514128234
32.16439051359856
32.19573393471325
32.21654605857564
32.22126681159396
32.22875743509857
32.24246783912332
32.242467839123336
32.24997416418362
32.27564431457763
32.27564431457764
32.30041551040264
32.31961650818018
32.31961650818019
32.33493623495765
32.34744349944203
32.347443499442036
32.38067770656923
32.391393206633765
32.39984017391932
32.40667004389689
32.4123066183512
32.421064762506944
32.47119229084849
32.4711922908485
32.52489028779104
32.541753559995115
32.550003492193404
32.56043798115345
32.57405713457251
32.57405713457252
32.592581472599264
32.61924307119283
32.63750758428569
32.64464013491648
32.66091272167381
32.6805547433634
32.69198418257207
32.69946112100191
32.7352262721076
32.76388849058367
32.78428086586914
32.79953127261922
32.81136679806812
32.816343414012614
32.82854179141253
32.845058302777765
32.855721950433
32.85572195043301
32.86317554470773
32.868678933367505
32.87626175221062
32.9052429229879
32.94921511659045
32.95742485711502
32.96940390346213
32.96940390346214
32.98852161363457
33.00310069207642
33.02386755579665
33.04341575685087
33.048124869975226
33.05582281155367
33.07067782276167
33.079261460077696
33.11134196037203
33.11134196037204
33.14699583225601
33.17851165939275
33.19756579221645
33.231711067979354
33.23171106797937
33.25436657471205
33.26142879327768
33.274887984834926
33.27488798483493
33.293563270846676
33.31063082456081
33.326289687115214
33.340707346477004
33.34070734647701
33.34970056246233
33.35402575151678
33.36636600105956
33.38851357611151
33.40782458970893
33.40782458970894
33.42481118260381
33.43986920578224
33.439869205782244
33.453309454072674
33.46537934635529
33.48616881551299
33.495184673741186
33.5110187978408
33.51800864525191
33.52447324857696
33.530469667133104
33.5412476541228
33.550662011499966
33.558956131232584
33.566318734573336
33.57289840605487
33.690067525979785
33.69006752597979
33.804888573700026
33.81824578980333
33.826161758185265
33.83511982245141
33.8453402610717
33.8510103035582
33.85711014166069
33.86369056881828
33.87853980510965
33.8869594640517
33.89616656336392
33.906276988442166
33.92979742206064
33.929797422060645
33.95905981967628
33.97654403625686
33.996459148250494
33.9964591482505
34.01934998982646
34.019349989826466
34.02775976218836
34.03212781733833
34.04593735660166
34.04593735660167
34.06090881680785
34.07719528013074
34.08887161571662
34.094977954765554
34.11447294534126
34.11447294534127
34.135940077912274
34.15969454566943
34.15969454566944
34.17698877379291
34.186122486375034
34.19560540246076
34.21570213243741
34.249033006811956
34.26110289909456
34.27114070198996
34.28687697720896
34.30348926422189
34.315087599997284
34.33021719550332
34.33021719550333
34.33965170546467
34.354336655039674
34.38034472384487
34.41836447905621
34.42647658143908
34.43898930880362
34.46081627137177
34.47221388003645
34.47921568612564
34.487372830078655
34.5085229876684
34.50852298766841
34.530825742288584
34.540090907070876
34.54836705601131
34.562524648881826
34.57419147411522
34.57928760320549
34.59228868750995
34.61114218453039
34.62415507994895
34.633677396549515
34.6409475119163
34.651315912004534
34.6583547055211
34.69515353123397
34.69515353123398
34.73485953978629
34.74318015830361
34.74880124918257
34.75591255354137
34.765197236576796
34.77783136636388
34.79602627826832
34.80401175271321
34.808498149972316
34.824489156956794
34.84573341979974
34.85445556610366
34.87532834460219
34.89070150750482
34.902495615924714
34.91940201245768
34.93093730111058
34.93931020467703
34.950651411875135
34.95797636447049
34.99202019855866
34.99202019855867
35.02794231266891
35.03619581009283
35.04192940153902
35.0493733120484
35.059426966886974
35.0737544933483
35.07375449334831
35.09581678702612
35.09581678702613
35.1060793302646
35.134193056915635
35.15417763214743
35.158868240365614
35.166436035792884
35.180699361242105
35.18874313200396
35.19390724010291
35.21759296819272
35.23822522495776
35.24757505834622
35.272421448598394
35.2724214485984
35.27242144859841
35.28674897505972
35.2933475906603
35.31121343963321
35.3266445675965
35.33133133891637
35.34010692155767
35.36246188706905
35.36246188706906
35.38027220030115
35.39479584498706
35.40686573726967
35.41705527646743
35.425772114908185
35.43331401028559
35.439903519113706
35.445710327598235
35.45547443444187
35.469872167400055
35.53767779197438
35.53767779197439
35.60453398043311
35.62790729142092
35.63349004298788
35.64702074990676
35.65532809790031
35.655328097900316
35.665001536861766
35.67640822186198
35.676408221862
35.69005982501397
35.706691400602885
35.70669140060289
35.7273982227997
35.72739822279971
35.73977846882852
35.75388725443675
35.77011375627229
35.77607771789466
35.78897345918333
35.78897345918334
35.8033441083711
35.81116392264124
35.83765295427829
35.8376529542783
35.858359776475105
35.86982351772131
35.8926656877456
35.90972307917768
35.90972307917769
35.92850242282284
35.94211187138234
35.942111871382345
35.96051719664488
35.960517196644886
35.97238704928491
35.980677568618326
35.99149625797484
36.02737338510361
36.027373385103616
36.06940989958101
36.08507304285213
36.119340849479755
36.11934084947976
36.13537661158921
36.142041236371654
36.15818543980832
36.19320730556469
36.1932073055647
36.20258929000894
36.20945681718605
36.25383773744479
36.2538377374448
36.285267125138844
36.297776210053215
36.31364541876335
36.32682595212024
36.34745820888527
36.35719741999547
36.362868584929245
36.384351815835885
36.38435181583589
36.40408856307903
36.40877456777236
36.41637851988605
36.41637851988606
36.43085812016236
36.43911042883539
36.44444175658712
36.46923439005187
36.469234390051874
36.4912966837297
36.501441120506314
36.51105611949529
36.52885536698517
36.544972322822545
36.55247275209154
36.57303097851933
36.573030978519334
36.591088267399286
36.60707481260751
36.621327493784435
36.634113875967415
36.63411387596742
36.656108415966905
36.65610841596691
36.67434966957316
36.68972283247581
36.71420297604625
36.724107172924796
36.747470952863914
36.75367918553147
36.76438067579049
36.773277535891836
36.78721981071412
36.86989764584402
36.86989764584403
36.9509382983255
36.95710576649469
36.96428928946521
36.982906926344675
36.98876838714398
36.99527114270714
37.00252652819617
37.01067323360311
37.01988625483148
37.03038960567864
37.05652818940958
37.0730733173104
37.09283729704154
37.116860683270275
37.12606186827437
37.13092444820949
37.14668669802178
37.17092348994039
37.184706453233126
37.199812115818304
37.20792192178156
37.216440473534604
37.23483398157467
37.255289453577085
37.26640190097714
37.288107587341116
37.30394827798342
37.321036192631304
37.33319573818582
37.34934904464059
37.3666694127687
37.375807495548166
37.40535663140855
37.40535663140856
37.43857157233304
37.443655943560536
37.450578231736735
37.460554860490696
37.47617956136138
37.48785589694725
37.492653333050335
37.504142360270144
37.50414236027015
37.51911382047633
37.539433873831655
37.568592028827496
37.5685920288275
37.60040534011289
37.60599135740173
37.61395684873273
37.61395684873274
37.62623363866979
37.64762064010765
37.665621198583295
37.673593339830454
37.69424046668917
37.69424046668918
37.71104767638987
37.715976345583144
37.72499504211075
37.74680538727467
37.763077974031994
37.77568430595466
37.78573796079325
37.79394299861673
37.800766361632355
37.806529944704465
37.815732607573146
37.822754149144984
37.8749836510982
37.874983651098205
37.87498365109821
37.92646232503863
37.94215335011893
37.94769399215881
37.95423087513252
37.962059236815335
37.971603761050396
37.98349825527709
37.99873244250467
38.01894259317021
38.02723071397354
38.03174325862146
38.04704253182609
38.065651098730434
38.08877288097532
38.10757687751486
38.11827636936305
38.15722658736906
38.15722658736907
38.18178542834813
38.1909498203866
38.19868517601843
38.21102542556121
38.21102542556122
38.23382517744694
38.24642596446901
38.25442035251718
38.26398878588065
38.29016319224307
38.32011393677745
38.32553095288243
38.33334010909863
38.333340109098636
38.345574953993406
38.36748538486154
38.38653951768524
38.418055344821994
38.43730149106254
38.443053501836616
38.45370921670597
38.463366351202936
38.46786331214756
38.480198248343015
38.48019824834302
38.50065372034543
38.516926307102764
38.530180014826826
38.54118362128135
38.550465296157725
38.558399900664966
38.565260848963284
38.571252251170144
38.581213269761214
38.58915997976755
38.59564727361586
38.659808254090095
38.72892255049886
38.73650938566547
38.74596725608353
38.75162833496177
38.75808565258495
38.784364100297346
38.79655209830817
38.8113840367584
38.829824904970394
38.84083697085692
38.853374340353334
38.86777750232069
38.884496433714595
38.90413845540419
38.911471845804826
38.927543592792304
38.95590783775889
38.9667469937993
38.99099404250548
38.990994042505484
39.01940047523655
39.025676713519374
39.03551289874689
39.053136946026505
39.05313694602651
39.06258390051848
39.0938588862295
39.11401216697174
39.122607393356866
39.130399556985296
39.143986414571046
39.15543412261314
39.16050768848255
39.173657970444225
39.193273094468424
39.20720350496784
39.22567409733672
39.23211110208586
39.23736711340155
39.245434668897815
39.28940686250036
39.289406862500364
39.351752626264734
39.36931724236474
39.38241940987317
39.40066066347943
39.41275603579565
39.41739424346893
39.427802196036204
39.44005273669047
39.4470289669632
39.472459848343824
39.47245984834383
39.49452214202166
39.499588529798096
39.50767544287256
39.52263127117112
39.536157186763354
39.559667968994496
39.5596679689945
39.57940471623763
39.588130847682976
39.59620863975029
39.61068824002659
39.623294571949266
39.62900530446429
39.64417495714481
39.65694424142484
39.66784111834045
39.68545433005525
39.699073483474315
39.70991879462873
39.71875937155489
39.72610404264823
39.74619724873775
39.75286109838356
39.8055710922652
39.863621507572276
39.87180895814717
39.88268515002736
39.88958243896877
39.89783474764182
39.90788487550103
39.92039213998543
39.936383146969916
39.95754893082909
39.97092641821455
39.98688624496419
40.00625601417661
40.0302592718897
40.049727765708255
40.06078445787381
40.072890052350985
40.083433993989985
40.10090754621224
40.120726216993276
40.126103577795234
40.13548556223948
40.155999624919325
40.16958004171006
40.17923392190735
40.186449106293466
40.19204603696953
40.200163886095304
40.23635830927382
40.236358309273825
40.2720121811578
40.279863068956445
40.28524548129506
40.292147755627774
40.30131948270056
40.3141001604973
40.33314162856101
40.34174589032438
40.34664841273162
40.36453657309736
40.38007651833961
40.389350681339394
40.39990433373672
40.40945681439398
40.426078740099136
40.44623202084138
40.451957590874585
40.46222749209335
40.462227492093355
40.47523152716581
40.48601154199874
40.50284838533223
40.51539399045538
40.5251034937539
40.53284093861073
40.54439716667368
40.552615149909506
40.60129464500447
40.65676004831061
40.66768601681148
40.674939565261546
40.68397248013438
40.69553103949202
40.71084667118098
40.73210669970919
40.74115387782966
40.74616356388081
40.763605200941164
40.78582147726596
40.794642998291415
40.81508387488159
40.82956347515789
40.84035770628736
40.840357706287364
40.85537625889571
40.865328626263576
40.87240829748828
40.88181029601122
40.91438322002513
40.946445768168594
40.955514425818905
40.96228937902288
40.97173633351486
40.985824304588974
41.00908690157022
41.02750405924934
41.03534527714388
41.05481377096244
41.069824454274524
41.08175113593263
41.09950625761811
41.11209043916693
41.121475497152296
41.12874376801437
41.13453883014825
41.14319901441016
41.18592516570965
41.22771639062016
41.241444314528
41.248270929474025
41.257011704312866
41.268603000839555
41.28471089457123
41.29537255792289
41.30861401354873
41.32550047917034
41.33221194446857
41.34777721969367
41.36704926051179
41.37851529588266
41.38611924799636
41.39153114743366
41.423665625002656
41.455233544405125
41.46044083145005
41.46770541610911
41.49646835521554
41.51067509420361
41.516728531002336
41.53177074108285
41.5526131481348
41.56636963754948
41.57612875506932
41.58341180822866
41.59355624500528
41.6335393365702
41.63353933657021
41.67259575827343
41.68221883166516
41.68905848538856
41.69813432556499
41.710757321508176
41.729512076816434
41.72951207681644
41.74277805933305
41.748054399636125
41.76029970389787
41.775477393480095
41.784516008251785
41.7947840689865
41.82016988013577
41.84515713520803
41.85504253530198
41.86364163166741
41.877869537884294
41.88915934650924
41.90594194108289
41.905941941082894
41.92254460057563
41.93351449887411
41.94711748520757
41.95522155580601
41.98721249581666
42.01853878001781
42.02626891751989
42.03176597012828
42.039063865836255
42.049220890993645
42.06432655357883
42.075022050843636
42.07927847899962
42.08916217383224
42.101423200718294
42.10873040377944
42.11703654746046
42.13759477388825
42.15786211634434
42.16588898369349
42.172875421838725
42.18444331578877
42.20729763428672
42.220833135927926
42.22978420279981
42.240892341379734
42.27368900609374
42.27368900609375
42.3057157101439
42.316224840531014
42.324573343970854
42.33699923393286
42.357454705935275
42.36756513101352
42.397437797500196
42.42085249971659
42.42664053682318
42.436229788535
42.455195620186906
42.46644111160543
42.47388308838045
42.48312434306048
42.510447078000844
42.51044707800085
42.53718332408315
42.54596832547293
42.55295135767639
42.56335175318987
42.58049078334367
42.58897025338877
42.5940294833547
42.61405596961119
42.633752008544214
42.63862534182439
42.64670313389169
42.66269414087618
42.67218491095885
42.67846941016728
42.686277502175784
42.70938995736147
42.73949808885873
42.74542503406497
42.754257434104936
42.76882539196875
42.78034444680211
42.797401838234194
42.814199193224404
42.82525588538995
42.83892051177363
42.84703721089954
42.852414571701495
42.87890360333855
42.90474743537616
42.90984084628932
42.917434720269114
42.929969346958906
42.939888976276876
42.954591511112774
42.96908576314689
42.978635059643985
42.99044618697886
43.00212014352333
43.025065989118026
43.04749095060039
43.05851360908563
43.069412558833015
43.09084756700362
43.111811993259074
43.12212255271464
43.13232116056583
43.15238973400541
43.172031755694995
43.18169703554817
43.191260677507934
43.21008939175393
43.22853025996592
43.237608976339494
43.24659513992846
43.264295411071615
43.29018595585847
43.298645394673876
43.31531568210371
43.33166255170669
43.339717631017194
43.36342295838328
43.386461067118816
43.393997010717754
43.40885972880541
43.42344994481627
43.43064519525102
43.45184230102203
43.47247455778707
43.47923033885623
43.49256424122503
43.50566640873347
43.51213247117222
43.53119928561418
43.549783709066574
43.55587446906416
43.56790381583536
43.57973445360096
43.58557678859785
43.60281897270362
43.61964592655555
43.6251652194306
43.63607246839709
43.64680804622031
43.6521127198014
43.66778014613036
43.68308759420674
43.68811221749589
43.69804732742112
43.70783311375008
43.71267105847497
43.72696997994329
43.74554837731847
43.75463573323166
43.76359239714386
43.76802259736027
43.78112476486871
43.793951220780045
43.80651057601796
43.818811086673364
43.830860672092584
43.84266693187048
43.8542371618249
43.87669728592458
43.898293884793624
43.91907581333931
43.93908830973577
43.958373323990024
43.97696981133217
43.99491399474582
44.012239600360196
44.028978068920836
44.04515874612782
44.060809054264425
44.07595464722729
44.09061955080086
44.10482628978893
44.11859600341786
44.13194855025446
44.14490260373328
44.15747573925959
44.16968451374199
44.18154453831139
44.19307054489763
44.20427644726073
44.21517539700812
44.22577983507194
44.236101539070006
44.24615166692923
44.25594079711129
44.26547896574518
44.27477570094075
44.28384005452959
44.29268063145574
44.30130561701653
44.30972280213492
44.31793960682735
44.3259631020155
44.33380002981686
44.3414568224364
44.34893961977051
44.35625428582462
44.36340642403651
44.37040139158974
44.377244312793685
44.38394009160077
44.390493423324806
44.39690880561947
44.40319054877082
44.40934278535333
44.41536947929482
44.42127443439224
44.432733590142064
44.44374777291932
44.45434240658428
44.46454101443547
44.474365393542385
44.48383577023516
44.492970939085225
44.501788387386355
44.51030440687077
44.518534194161646
44.52649194126507
44.53419091723501
44.54164354199957
44.54886145321272
44.55585556688808
44.56263613247927
44.56921278299137
44.57559458063853
44.581790058502904
44.587807258597685
44.59365376669096
45.0
45.40634623330903
45.41219274140232
45.418209941497096
45.42440541936148
45.43078721700863
45.43736386752073
45.44414443311193
45.451138546787284
45.45835645800043
45.46580908276499
45.47350805873493
45.481465805838354
45.48969559312922
45.498211612613645
45.507029060914775
45.51616422976484
45.52563460645762
45.53545898556454
45.54565759341572
45.55625222708068
45.567266409857936
45.57872556560776
45.58463052070518
45.59065721464667
45.596809451229184
45.60309119438053
45.6095065766752
45.61605990839924
45.62275568720632
45.62959860841026
45.636593575963495
45.64374571417538
45.65106038022949
45.65854317756361
45.66619997018314
45.6740368979845
45.682060393172655
45.690277197865086
45.698694382983476
45.707319368544255
45.71615994547041
45.72522429905925
45.73452103425482
45.744059202888714
45.75384833307077
45.763898460929994
45.77422016492807
45.78482460299189
45.795723552739275
45.80692945510237
45.818455461688615
45.830315486258016
45.84252426074042
45.85509739626673
45.868051449745536
45.88140399658214
45.895173710211076
45.90938044919914
45.92404535277271
45.93919094573558
45.95484125387218
45.97102193107917
45.98776039963981
46.005086005254185
46.02303018866784
46.041626676009976
46.06091169026423
46.08092418666069
46.10170611520638
46.12330271407543
46.14576283817511
46.157333068129525
46.16913932790742
46.181188913326636
46.19348942398204
46.20604877921996
46.2188752351313
46.23197740263973
46.23640760285615
46.24536426676835
46.254451622681536
46.25904520717527
46.27303002005671
46.28732894152504
46.29216688624993
46.30195267257888
46.311887782504115
46.31691240579327
46.332219853869645
46.3478872801986
46.35319195377969
46.36392753160292
46.37483478056941
46.38035407344446
46.39718102729638
46.41442321140216
46.42026554639905
46.43209618416465
46.44412553093584
46.450216290933426
46.46880071438582
46.48786752882778
46.49433359126654
46.50743575877497
46.52076966114377
46.52752544221293
46.548157698977974
46.56935480474898
46.57655005518373
46.59114027119459
46.60600298928225
46.613538932881184
46.63657704161672
46.660282368982806
46.66833744829331
46.68468431789629
46.701354605326124
46.70981404414154
46.73570458892839
46.75340486007154
46.76239102366051
46.77146974003408
46.78991060824607
46.80873932249207
46.81830296445184
46.827968244305005
46.8476102659946
46.86767883943418
46.877877447285364
46.88818800674093
46.90915243299638
46.93058744116699
46.94148639091438
46.95250904939961
46.97493401088198
46.99787985647668
47.009553813021135
47.021364940356015
47.03091423685311
47.04540848888723
47.060111023723124
47.0700306530411
47.082565279730886
47.09015915371068
47.09525256462385
47.12109639666146
47.147585428298505
47.152962789100464
47.16107948822638
47.17474411461006
47.1858008067756
47.202598161765806
47.21965555319789
47.23117460803125
47.24574256589507
47.254574965935035
47.260501911141276
47.29061004263853
47.313722497824216
47.321530589832726
47.32781508904115
47.33730585912382
47.35329686610831
47.36137465817562
47.366247991455786
47.385944030388806
47.405970516645304
47.41102974661123
47.41950921665634
47.43664824681013
47.447048642323615
47.45403167452708
47.46281667591685
47.489552921999156
47.516875656939526
47.52611691161955
47.53355888839457
47.544804379813094
47.563770211465005
47.57335946317683
47.57914750028342
47.60256220249981
47.626405638290755
47.632434868986486
47.642545294064725
47.66300076606714
47.67542665602915
47.683775159468986
47.6942842898561
47.72631099390627
47.75910765862027
47.770215797200194
47.77916686407208
47.79270236571329
47.81555668421123
47.827124578161275
47.834111016306515
47.84213788365567
47.862405226111754
47.88296345253954
47.89126959622057
47.89857679928171
47.91083782616775
47.92072152100038
47.92497794915637
47.93567344642118
47.95077910900635
47.96093613416375
47.96823402987172
47.97373108248011
47.981461219982194
48.01278750418334
48.04477844419399
48.05288251479244
48.058697574095824
48.0664855011259
48.07745539942437
48.09405805891711
48.10602709561643
48.110840653490776
48.12213046211571
48.136358368332594
48.144957464698024
48.15484286479198
48.179830119864235
48.2052159310135
48.215483991748215
48.224522606519905
48.239700296102136
48.25194560036388
48.25722194066696
48.270487923183566
48.28924267849183
48.30186567443501
48.31094151461144
48.31778116833485
48.327404241726576
48.366460663429805
48.406443754994726
48.416588191771346
48.42387124493068
48.43363036245052
48.447386851865204
48.46822925891715
48.483271468997664
48.489324905796394
48.50353164478446
48.52145337692223
48.53229458389089
48.53955916854996
48.54476645559488
48.57633437499735
48.60846885256635
48.613880752003645
48.62148470411734
48.632950739488216
48.65222278030634
48.66778805553144
48.67449952082966
48.69138598645128
48.70462744207712
48.71528910542877
48.731396999160445
48.742988295687134
48.751729070525975
48.758555685472
48.76403486490572
48.77228360937984
48.81407483429035
48.85680098558985
48.86546116985175
48.87125623198563
48.87852450284771
48.88790956083307
48.90049374238189
48.91824886406737
48.930175545725476
48.94518622903756
48.964654722856125
48.97249594075066
48.99091309842978
49.014175695411026
49.028263666485145
49.03771062097712
49.0444855741811
49.05355423183141
49.08561677997487
49.11818970398878
49.12759170251172
49.13467137373643
49.1446237411043
49.15964229371264
49.17043652484212
49.18491612511842
49.20535700170859
49.214178522734045
49.236394799058836
49.253836436119194
49.258846122170354
49.267893300290815
49.28915332881902
49.30446896050799
49.31602751986563
49.32506043473846
49.33231398318852
49.34323995168939
49.35107795157389
49.398705354995535
49.44738485009049
49.45560283332632
49.467159061389275
49.4748965062461
49.48460600954463
49.49715161466777
49.513988458001265
49.52476847283419
49.53777250790665
49.54804240912542
49.55376797915863
49.57392125990087
49.59054318560603
49.60009566626328
49.61064931866061
49.6199234816604
49.635463426902646
49.65335158726839
49.65825410967562
49.666858371439
49.68589983950271
49.698680517299444
49.707852244372226
49.71475451870494
49.720136931043555
49.7279878188422
49.76364169072618
49.7998361139047
49.80795396303047
49.813550893706534
49.82076607809265
49.830419958289944
49.84400037508068
49.86451443776053
49.873896422204766
49.87927378300673
49.899092453787766
49.91656600601002
49.927109947649015
49.9392155421262
49.950272234291745
49.9697407281103
49.99374398582339
50.000644597558434
50.01311375503581
50.02407525853955
50.02907358178545
50.042451069170916
50.063616853030084
50.07960786001457
50.09211512449896
50.10216525235819
50.11041756103123
50.117314849972644
50.12819104185284
50.13637849242773
50.19442890773481
50.24713890161644
50.253802751262256
50.26239539959512
50.27389595735176
50.28124062844512
50.29008120537127
50.30092651652569
50.31454566994475
50.33215888165955
50.34305575857516
50.355825042855194
50.3709946955357
50.37670542805074
50.38931175997341
50.40379136024971
50.41186915231703
50.42059528376237
50.440332031005504
50.46384281323664
50.46909497011193
50.47736872882888
50.49232455712744
50.50041147020191
50.50547785797835
50.527540151656176
50.552971033036805
50.55994726330953
50.5721978039638
50.58260575653107
50.58724396420435
50.59933933652057
50.617580590126835
50.63068275763526
50.640549432156824
50.648247373735266
50.659481840162485
50.66728567823913
50.71059313749964
50.754565331102185
50.76263288659845
50.76788889791415
50.77432590266328
50.78239232236404
50.792796495032164
50.806726905531576
50.826342029555775
50.83949231151745
50.84456587738687
50.85601358542896
50.86960044301471
50.877392606643134
50.88598783302827
50.9061411137705
50.931526924919766
50.937416099481524
50.9468630539735
50.96448710125312
50.974323286480626
50.98059952476345
51.00900595749453
51.03325300620071
51.044092162241114
51.05419189411484
51.0724564072077
51.088528154195174
51.09586154459581
51.115503566285405
51.13222249767931
51.13725594926199
51.14662565964667
51.15916302914309
51.170175095029606
51.1886159632416
51.20344790169184
51.21563589970266
51.22582906442577
51.23448009554123
51.241914347415054
51.248371665038235
51.25403274391647
51.26349061433454
51.27107744950115
51.34019174590991
51.40435272638414
51.410840020232456
51.418786730238786
51.428747748829856
51.43473915103672
51.441600099335034
51.44953470384228
51.45881637871866
51.469819985173174
51.483073692897236
51.49934627965457
51.519801751656985
51.53213668785245
51.53663364879707
51.54629078329404
51.55694649816339
51.562698508937466
51.58194465517801
51.60483549675397
51.61346048231476
51.63251461513847
51.654425046006594
51.66665989090137
51.674469047117576
51.679886063222554
51.70983680775693
51.73601121411935
51.74557964748282
51.753574035530995
51.766174822553054
51.78897457443879
51.80131482398158
51.80905017961341
51.81821457165187
51.84277341263095
51.86999230821426
51.88172363063695
51.89242312248514
51.91122711902468
51.927218126009166
51.93434890126956
51.95295746817391
51.96825674137854
51.97276928602646
51.9810574068298
52.00126755749534
52.01650174472291
52.028396238949604
52.03794076318467
52.04576912486749
52.05230600784119
52.05784664988108
52.06672971640108
52.07353767496138
52.1250163489018
52.17724585085501
52.18426739242686
52.19347005529554
52.199233638367645
52.20605700138328
52.21426203920676
52.22431569404534
52.236922025968006
52.25319461272534
52.27500495788926
52.28402365441686
52.28895232361013
52.305759533310834
52.32640666016955
52.334378801416705
52.35237935989236
52.37376636133021
52.38604315126727
52.39400864259828
52.399594659887114
52.43140797117251
52.46056612616835
52.47155917659237
52.48088617952368
52.495857639729856
52.507346666949665
52.512144103052755
52.52382043863863
52.53944513950931
52.54942176826328
52.556344056439464
52.56142842766696
52.59464336859145
52.624192504451834
52.6333305872313
52.64040676102675
52.65065095535941
52.66680426181418
52.6789638073687
52.69605172201657
52.711892412658884
52.72182580013098
52.73359809902286
52.74471054642292
52.76516601842533
52.7835595264654
52.79207807821844
52.8001878841817
52.815293546766874
52.829076510059615
52.835525106488554
52.85331330197822
52.86907555179051
52.87393813172563
52.88313931672973
52.895765094293786
52.90716270295846
52.9269266826896
52.94347181059042
52.95752522691714
52.969610394321364
52.98011374516852
52.98932676639689
52.99747347180383
53.00472885729286
53.01123161285603
53.017093073655325
53.02723751043195
53.035710710534794
53.042894233505315
53.0490617016745
53.13010235415598
53.21278018928589
53.21920924889906
53.22672246410817
53.23561932420951
53.246320814468525
53.252529047136086
53.259437979878804
53.26717333551064
53.275892827075204
53.285797023953755
53.29714496983687
53.3102771675242
53.32565033042684
53.3438915840331
53.36588612403259
53.37867250621557
53.38324848092935
53.39292518739251
53.403371090560825
53.408911732600714
53.42696902148067
53.44752724790847
53.455027677177455
53.47114463301483
53.48894388050472
53.49855887949368
53.50870331627031
53.53076560994813
53.55555824341289
53.56088957116461
53.569141879837645
53.583621480113955
53.591225432227645
53.59591143692098
53.615648184164115
53.637131415070755
53.642802580004535
53.65254179111473
53.67317404787977
53.68635458123665
53.69550287742477
53.7022237899468
53.70737027152041
53.714732874861156
53.74616226255521
53.78116273438547
53.79054318281395
53.79741070999107
53.80679269443531
53.82037955202106
53.84181456019167
53.857958763628346
53.8646233884108
53.88065915052025
53.901716032892
53.91492695714787
53.9239884436314
53.930590100418996
53.93956500315152
53.9726266148964
54.008503742025155
54.01932243138169
54.027612950715096
54.03948280335512
54.05788812861766
54.06650273981618
54.07149757717716
54.090276920822326
54.10733431225441
54.11786275379579
54.1301764822787
54.141640223524895
54.16234704572171
54.188836077358765
54.19665589162891
54.21102654081667
54.22392228210534
54.22988624372772
54.24611274556325
54.26022153117148
54.2726017772003
54.293308599397115
54.30994017498604
54.32359177813802
54.334998463138234
54.34467190209969
54.35297925009325
54.360190801913326
54.36650995701213
54.37209270857909
54.381510160748235
54.38914756133125
54.39546601956689
54.46232220802562
54.53012783259995
54.536635758459404
54.54452556555814
54.554289672401765
54.5600964808863
54.56668598971442
54.57422788509183
54.58294472353257
54.59313426273034
54.60520415501295
54.61972779969886
54.637538112930955
54.65989307844234
54.668668661083636
54.673355432403504
54.68878656036681
54.70665240933972
54.713251024940284
54.727578551401606
54.74364128703716
54.75242494165378
54.76177477504225
54.78240703180729
54.80609275989709
54.81125686799605
54.8193006387579
54.83356396420712
54.84113175963439
54.84582236785257
54.86580694308437
54.887988815577806
54.893920669735415
54.904183212973884
54.92624550665171
54.940573033113026
54.950626687951605
54.958070598460985
54.96380418990718
54.972057687331095
55.00797980144134
55.04202363552951
55.04934858812487
55.06068979532297
55.069062698889425
55.08059798754232
55.097504384075286
55.10929849249518
55.12467165539782
55.14554443389634
55.15426658020026
55.175510843043206
55.19150185002769
55.19598824728679
55.203973721731685
55.22216863363612
55.23480276342322
55.24408744645863
55.25119875081743
55.2568198416964
55.26514046021372
55.30484646876604
55.3416452944789
55.34868408799547
55.35905248808371
55.36632260345049
55.37584492005105
55.38885781546961
55.40771131249006
55.420712396794514
55.42580852588479
55.43747535111818
55.4516329439887
55.45990909292913
55.469174257711416
55.4914770123316
55.51262716992135
55.520784313874366
55.52778611996356
55.53918372862823
55.56101069119639
55.573523418560924
55.58163552094379
55.59152774797138
55.619655276155136
55.645663344960326
55.65390259993849
55.66034829453534
55.66978280449668
55.684912400002716
55.69651073577812
55.71312302279104
55.72885929801005
55.73889710090545
55.75096699318805
55.762537223142466
55.7842978675626
55.80439459753925
55.813877513624966
55.8230112262071
55.84030545433057
55.85641334806225
55.864059922087726
55.885527054658745
55.90502204523445
55.91112838428339
55.92280471986926
55.93381678575579
55.939091183192154
55.95406264339834
55.96787218266169
55.97224023781165
55.98065001017354
56.003540851749506
56.02345596374314
56.04094018032373
56.05641298024819
56.07020257793936
56.08256946302965
56.09372301155785
56.10383343663609
56.1130405359483
56.12146019489035
56.12918928961119
56.13630943118173
56.142889858339316
56.14898969644181
56.1546597389283
56.164880177548596
56.17383824181473
56.18175421019668
56.188799928251804
56.195111426299974
56.309932474020215
56.42710159394513
56.43368126542667
56.44104386876742
56.449337988500034
56.4587523458772
56.4695303328669
56.47552675142305
56.4819913547481
56.4889812021592
56.496563017585785
56.504815326258814
56.51383118448702
56.52372170389733
56.534620653644716
56.546690545927326
56.56013079421776
56.5751888173962
56.59217541029108
56.611486423888486
56.63363399894044
56.64597424848322
56.65029943753767
56.659292653523
56.668774000368956
56.673710312884786
56.6893691754392
56.70643672915333
56.71247231108751
56.725112015165074
56.73857120672233
56.74563342528795
56.768288932020646
56.79342968491047
56.802434207783556
56.82148834060726
56.84207611532777
56.853004167744004
56.86439045128113
56.88865803962798
56.915147071265025
56.92073853992231
56.92932217723833
56.94417718844633
56.951875130024774
56.95658424314914
56.97613244420336
56.996899307923584
57.00229489878371
57.01147838636545
57.03059609653788
57.042575142884985
57.050784883409555
57.0613094570445
57.094757077012105
57.12373824778939
57.1313210666325
57.13682445529228
57.144278049567006
57.154941697222235
57.171458208587474
57.183656585987386
57.188633201931886
57.20046872738079
57.21571913413086
57.225122675735754
57.23611150941634
57.264773727892404
57.295266422998154
57.30053887899809
57.30801581742793
57.319445256636605
57.33908727832619
57.35535986508352
57.362492415714314
57.38075692880717
57.395406833758464
57.40741852740074
57.425942865427494
57.43956201884656
57.44999650780661
57.45824644000489
57.46493284206499
57.47510971220896
57.482489384954484
57.52880770915151
57.578935237493056
57.5876933816488
57.59332995610312
57.60015982608067
57.608606793366235
57.61932229343077
57.63336193527501
57.652556500557964
57.66506376504236
57.66981426494965
57.68038349181982
57.69266554511789
57.69958448959737
57.724355685422374
57.74528947313286
57.75002583581638
57.757532160876686
57.77124256490144
57.778733188406044
57.78345394142436
57.804266065286754
57.82878287145542
57.835609486401445
57.84770485871766
57.85809017299819
57.86275101895822
57.87500155961248
57.89374404488216
57.90740867126584
57.91781284393396
57.92599912470595
57.93260839673952
57.93805631718646
57.946509515636926
57.9946167919165
58.03865658302297
58.0456370629486
58.05524722379661
58.06155108332812
58.06931789628218
58.07912378006683
58.09189306434685
58.10920819815429
58.12040315297727
58.134022306396325
58.150948680944715
58.157542740014804
58.172553423326896
58.190610712206855
58.201087175705574
58.212746878335246
58.240519915187214
58.26648084658371
58.27639704231597
58.284866484902196
58.29857033049428
58.309178695400476
58.3136323121434
58.324531261890776
58.339248903363405
58.348727113287374
58.360218444764485
58.3924977537511
58.4218350678862
58.431028870681665
58.438188158350655
58.44861505168652
58.46520809481171
58.47315811273114
58.47782275324131
58.49573328079582
58.51253063578603
58.52316065041602
58.535856369134244
58.543176642444756
58.547938988000496
58.57043438516149
58.590948447841335
58.60054251665874
58.6097318958122
58.626994859891546
58.642914775990064
58.650419134756994
58.67130713219583
58.69004961746551
58.69587650440903
58.706961004079815
58.717346318360335
58.72229713313355
58.73626830562258
58.749048983419314
58.760785111791236
58.781597235653635
58.79948539601937
58.81502534126161
58.82865097228016
58.840695491655616
58.851419013805
58.861027563021146
58.86968643850504
58.877529803208006
58.88466768525817
58.891191171454864
58.89717631501536
58.902687114220555
58.912494676520026
58.92096036492075
58.9283419391537
58.93483511450135
59.03624346792648
59.13910831165051
59.145795494103
59.153412587851406
59.162168055312755
59.17233770013197
59.1780644147069
59.18429424827082
59.19109654902398
59.19855402386317
59.206766117760374
59.215853473673555
59.2259638987518
59.23728046576109
59.2500326978036
59.2645122980799
59.281095735970815
59.30027744918559
59.32271997820356
59.331073350285074
59.335435419520124
59.34933204294713
59.36458244969721
59.370001515179304
59.381394591090604
59.393592968490516
59.400021306791054
59.42077312751099
59.44403572449223
59.45242825109298
59.47029410006589
59.48976259388444
59.50016676655257
59.51105950016907
59.53445508054013
59.56027561935687
59.56576424655659
59.57421619803874
59.58891873287464
59.596575525494174
59.60127228583394
59.62087398863166
59.641884541233374
59.647375272363
59.65675111576043
59.67639313745001
59.688786773318384
59.697319279511916
59.70830389968275
59.743562836470744
59.77455027504658
59.78272604261568
59.78867761416518
59.79676224505734
59.80837703904239
59.82647997035567
59.83993916191291
59.84545208208382
59.85861444792466
59.8756820016388
59.88626684901757
59.893472958841606
59.8986954344003
59.93141717813756
59.95863607372088
59.96671956400486
59.97287576678692
59.98163257239093
59.99507912917599
60.01836063115067
60.037815903582256
60.0463918321985
60.06848815949221
60.08635400846512
60.091572678594886
60.10109816138544
60.124007308310574
60.1409838350769
60.1540680503126
60.16446089973845
60.17291534552527
60.17992743452625
60.185837262201325
60.19524852681989
60.20240870917614
60.25511870305778
60.30613897408988
60.31281836080631
60.32151007486479
60.32691788792218
60.333284793053544
60.340890764004904
60.35013649242442
60.36161631184866
60.376251248826186
60.39554925399509
60.407703640642026
60.42216131873867
60.439645535319265
60.44631636769256
60.4612177404419
60.47863816541836
60.48850144290969
60.49927537650084
60.52411099675425
60.54632727307906
60.554571270074405
60.561510325328484
60.57254359681026
60.59281093926635
60.60394714505674
60.61098853367965
60.61939213871078
60.64224645720873
60.66816042175248
60.67952412241925
60.68999292908387
60.70863782901574
60.72474572274742
60.7320047851073
60.751173663453024
60.76718254247569
60.77194805685486
60.78075330951538
60.80251395393553
60.81919394750014
60.832386620422206
60.84308211768702
60.85192815428696
60.85936626660569
60.86570780277382
60.87594650522258
60.88385373392108
60.94539590092286
61.00404048588161
61.011177478808456
61.020292302071226
61.025867448449766
61.032339353935974
61.03994330604966
61.0490047925332
61.05998730716065
61.07357416474639
61.090816348852165
61.1134182330893
61.127575825959816
61.13284053048539
61.14433878028348
61.15733986458794
61.16449915225692
61.18920625702693
61.20902492780798
61.22019369560279
61.232350661156204
61.242879102697586
61.26020470831195
61.27967320213052
61.284922471883405
61.29404745659892
61.31385242626057
61.326853510565
61.33604288971847
61.34288254344186
61.34817154735126
61.35581710101725
61.38954033403479
61.422187498315296
61.429301451533405
61.44037952168017
61.44860812703981
61.460014812040036
61.476881393687975
61.48875370589126
61.50436138175502
61.52579638992563
61.53483785734516
61.55707137563666
61.57400775690899
61.578790775473145
61.58733855692742
61.606980578617005
61.62075691389205
61.63095370672142
61.63880567042629
61.64503821467594
61.65430637692334
61.69924423399363
61.741970385293115
61.750264505025726
61.75574892919898
61.76255446183274
61.771223818630425
61.7826441452707
61.7983717813053
61.82140989004083
61.83747262567639
61.84380855172743
61.85839876773829
61.87626461671118
61.88679112394404
61.89373017919814
61.89864869403823
61.92751306414704
61.955313052025204
61.96614810853618
61.975499467929744
61.99082329198616
62.00285263875737
62.00794695540732
62.02052561151985
62.03776779562563
62.049030972109826
62.05696557661706
62.0628571734614
62.0710212913191
62.10272896905237
62.13299615034313
62.14034930475773
62.14555091886174
62.152421740211835
62.161918802865294
62.17590361574674
62.19854122006586
62.209557520547904
62.21607358779072
62.24145939893998
62.265809495014594
62.271742577680875
62.28149837181665
62.300527191945
62.31164610884658
62.31893843151474
62.32792177724123
62.35402463626132
62.37892501692447
62.38697217691553
62.39332214691204
62.40270413135629
62.41797079220284
62.42986281766783
62.447188423282206
62.463926891842846
62.474774256255664
62.487997376148556
62.49575787718643
62.500861268952846
62.52556837372287
62.549002229067774
62.560272051800695
62.57125877832243
62.59242456218159
62.612577842923834
62.62229722866828
62.63178957111176
62.65012421993013
62.676108698653465
62.68439202655774
62.7004277886672
62.71579270637694
62.72323661688632
62.74467162505693
62.76485330069748
62.77132082290876
62.78388844269253
62.79598892393039
62.80187205149089
62.81888891452278
62.83501494266807
62.840204307703516
62.850318302216834
62.86009407067906
62.86486037792313
62.87869659584134
62.89187712919823
62.90444750624821
62.91644913563134
62.927919762007235
62.949402992913875
62.96913974015701
62.98733465206146
63.00416160591339
63.019769281777144
63.03428556712985
63.047821068771064
63.060471936199185
63.0723221489595
63.083445383048655
63.09390654406316
63.10376303450663
63.11306580752329
63.12186024790135
63.13018691250094
63.13808215559732
63.14557865948141
63.152705886651155
63.15949046678678
63.165956529225525
63.17212598968548
63.1780187984185
63.18904569965131
63.1991650530454
63.20848447058082
63.217095197824854
63.225075111354464
63.23249108070382
63.23940084665116
63.24585452757825
63.25189583707854
63.43494882292201
63.62157936648758
63.627863176455044
63.63458487744639
63.641791893699335
63.64953875405141
63.65788847411954
63.66691427422022
63.67670173219012
63.68735150521117
63.693036174258204
63.698982804181114
63.70520992941615
63.71173787509978
63.718588978679826
63.725787845272556
63.73336164291689
63.74134044519273
63.749757630311116
63.758650347842234
63.76806006684338
63.778033222445536
63.78862198216847
63.799885158652664
63.81188930251915
63.82471001824007
63.838433557980764
63.853158764419106
63.86899945506142
63.8860873697093
63.90457584261166
63.924644416051244
63.94650468950905
63.958183405106205
63.97040780848654
63.98321705922621
63.987624087870174
63.99665415548856
64.00598419603678
64.01076641616699
64.02560603756868
64.04123073843937
64.0466242976358
64.05770451012833
64.06919353734814
64.07509849244555
64.09349200048561
64.11297373367331
64.11972632993115
64.13364320590549
64.1481374579396
64.15561244543967
64.17900802581072
64.20397350550006
64.21267181718562
64.23067237566129
64.24952587268173
64.25929164376716
64.2692943984688
64.29004621918874
64.31185656435267
64.3231843181618
64.33480853782642
64.34432927212116
64.35899417569472
64.3741397686576
64.38451567935783
64.39781244855823
64.40597075400117
64.41148685868359
64.4400348281762
64.46256560936368
64.47030200946695
64.476575498932
64.48612957246577
64.50244850666222
64.5107994437133
64.5158730095827
64.5366549381284
64.55825153699745
64.56378361958265
64.5731258304102
64.59228189105153
64.60408815082943
64.61209370890407
64.62225613865084
64.6538240580533
64.68711619812586
64.69862137458027
64.70797884297873
64.72227776444704
64.732689499661
64.73690149550089
64.74683660542613
64.75947073521321
64.76716867679164
64.7760766026392
64.79887635452492
64.82246457036521
64.8321298502184
64.84069808396835
64.85521436932105
64.86704500708666
64.8721758192439
64.88516511385544
64.90374953730785
64.91640599380908
64.92558065818433
64.93253656193953
64.94238458169698
64.98310652189998
65.01876039378396
65.0260890941166
65.03721016919299
65.045249425421
65.05609473657542
65.07152586453873
65.08197748418075
65.09523119190482
65.11258828907549
65.11963314081831
65.13630342824813
65.15761089454482
65.1706534118504
65.17945866451092
65.18580300946485
65.19433424518398
65.22485943116808
65.25646217452312
65.26569747094752
65.27268561330986
65.2825590889166
65.2975697722287
65.30844183652194
65.32313682966294
65.34410125591839
65.35322914806883
65.37643521383639
65.39487608204838
65.40020939484253
65.40988283380399
65.43282867939868
65.44954761079258
65.46227152342222
65.47227951974192
65.48035731180924
65.48701419333071
65.49259476987028
65.50142580856625
65.50809897176845
65.55604521958347
65.60626061383684
65.61362889819861
65.62353138332523
65.62987994612618
65.63754698468783
65.64699082497037
65.65891006330749
65.67442476087389
65.69545073406329
65.70903759164904
65.71417484434872
65.72555886556054
65.73870914752221
65.74608027568341
65.77225468204583
65.79411495550364
65.79902840884151
65.80679101271123
65.82089285331082
65.82855579020683
65.83337015701451
65.85445803957835
65.87901688055743
65.88580146069305
65.89776549883887
65.90798047100967
65.9125476913677
65.92450174492117
65.94265054998827
65.95577673063218
65.96571184055742
65.97349342132081
65.9848978358822
65.9928533731142
66.03751102542182
66.08375458238065
66.0923395058275
66.09794958898915
66.10483858492964
66.11350007836526
66.1247191460725
66.13982480865765
66.16125981682828
66.17573941710458
66.18134950026624
66.19405648154229
66.2092261342228
66.21796957677863
66.22765118863529
66.25050550713325
66.27160892404747
66.2796044276954
66.28640511365909
66.29735404903377
66.31791227546155
66.32946151527955
66.33685929180565
66.34578664908977
66.37062226934319
66.39981013208224
66.40517943011854
66.41296947487176
66.42529379808738
66.44773632710535
66.467651439099
66.4767909795404
66.5014343240479
66.52260010790708
66.52900688183912
66.54097591853844
66.55193742204219
66.55707928503772
66.5713071912546
66.58396924176958
66.59531044896768
66.61477894278624
66.63088683651792
66.64443514071401
66.65598903842249
66.66595872329023
66.67464911902414
66.68229161324494
66.6890649646158
66.69510946079689
66.70543674610558
66.71393508177644
66.72105080199731
66.80140948635182
66.87915133757528
66.88579201667316
66.89367314172843
66.90317808183917
66.90870482818191
66.91486632719173
66.92177859395913
66.92958775017536
66.93848046770647
66.94869908352698
66.96056402009647
66.97450799147197
66.99112991717713
67.01128319791937
67.02305549681125
67.02727866917134
67.03622694014545
67.04591346237152
67.05106271907673
67.06789956241022
67.08717160322834
67.09423034158281
67.10944834375167
67.12633480937329
67.13549187810035
67.14518003822329
67.16634582208245
67.19028889612254
67.19545952867895
67.2034785320574
67.21759426951832
67.22962109123779
67.24902365721238
67.27026792005532
67.27589784825896
67.28558764683277
67.30620505490764
67.31944039297508
67.32865637801915
67.33544256530391
67.34064795999413
67.34810834790942
67.38013505195958
67.41614747934365
67.4258619213518
67.43299092212538
67.44275336529435
67.45693899994212
67.47943439710312
67.49647150023257
